$ANSIBLE_VAULT;1.1;AES256
66323638633863353437356461336264633261383034353536346333316238313262646234353433
6333363335653563346537336265636638623462303531660a393834643365373239616439386561
33623438613963383164326333303437643933363464356535646131643965393231366465383463
3937383963343766360a616637323438343535326266346435656330326230313861316532356264
39383136386233653935383462353234323937636162316563383831386564333432353436643839
39626565343934333864306535646133353962303063303730306634313831653734393532316433
61373566323333613738323834396437626639386635663039373664366438383862353361386532
63346363633531346162353633383838633137343235646264643739383238666430633165626137
34366138343261623633663863663261653862323331623064396331626562663333653930323531
37613964363238636165623765346364346436653362336262386436313562656539356439323166
36646463376336633038323839616365343565303431356135373531326234323937343435633939
35386532323162616566663830343936383764373062356534633938653033393234393130653139
39636334343738656132376437633438623939323264333630383330653166663834656534316433
61313134326236306535343361353639386334313064383834646231326566353432363537343334
31616438623832366237356236366263646131643036323834313635306635306431643330663266
64333661343063356334636163623466636637343563653932383261646138336335316461323139
62313037646166333866623536353437333331653333646263616166653164386132353739323233
62353362363238663962373032373765303231303331343464373666616436333538656565356139
62386566393934306433313631373261373938646637343039386130336334393638366163643364
66333066616161356165
