$ANSIBLE_VAULT;1.1;AES256
34366631393635356532636562653932333737346262363665336437666563323764343230346566
3834386362346233616233393161373738386530653664320a393961646132666133393565383533
31373266643031343665333862323964306231633238396533633463396262653936653433373263
3238303861633939630a376634363230336537383432353532626262313630383863623332363230
30336364363439373932663061383966383662366531343232313338623732633935353639353435
35333634316237396331343661373937653561313864663737643530303732656365633432613331
66346436656166633738663937623332373161393032363332626231646233636635353439633765
65616432643033626535373837306534353435336238626163396235323062303731303334376237
37643530633031343531623632343761626661626361633839366339336163303462346166366237
31336133643265333461303265333038346666326337386631636632303133306161343833636336
34383665356637396336633031373531646435303738666639303161323361396233396565306331
65306166386339393139373832316138373539623863363163613038323831333332623865343962
31336433316466313161653665343561663336616566656266343533313537346134336634396534
38363830353734646234663061656439653338383531616330336562343032366561643061636637
65393766303663346430323366393462316264623338383037333634346165363665343364633461
35616637373764386637
