$ANSIBLE_VAULT;1.1;AES256
38653564366338613661336166643366663238626237653935633933356561636438313965303562
6232323063353262363664666661353637396330663134630a376639376533313364633263646661
30373234326361613135323331353637313039653839613934343166393164623764303933316436
3732623736656562330a643933643837303362636466383239643566313362373737366533383637
32356164613566383638323137653063373937343765633135633337623235656464663735663032
32303438323034613939363734383061383934313166653663323435386136383830353539306665
36363730343964343863343233333031323932383962613864303239346639356561326561653535
65303064303538653563326332353132643932643234356535363233633733626462363861396563
34303330633666323434383861303039666264633436313062303231313861383331663733646166
35353666653166326433386133376237383165626265666630363565373331623063333731326631
37646232646164623734346661343836373931356266643535323265353162386538333131343732
35623263646431616366663665636165303131616239393966626530303936323639376134623433
32383437356663633932333837343430383933666434326633386661653466613832633931626133
33663136373035393561316539373239646332336163623061303635313762626632636330666437
35653734323738326136666338383430316637626564333566613932623466393836333639653238
37653134333630383636616464373330396666623132663662383161393464633761313733346433
37666637653066306134323334633333306664633633366166313336356564336139343632313063
63333964633933626162653566303839396634363665663963373236386332613039353036326666
336334333131346230393063303638366635
