$ANSIBLE_VAULT;1.1;AES256
63383061633130643538303565656233623663666632396339383837316537396137323738623666
3339626531316562353137636638356262316561643939340a316665333837383866643437363061
36316265623837623565303064373335316532373636633538383562373565646535613638643934
3733303561356639620a633463383633393465396662643035626532643032623864393766366666
34366262356466613230653737326161663233643463643264326338656330303835396565623237
34333935313062663235663036333537663432383864356261633635656165646265343831343538
37313961303132653338653831363639336331653930303063313130643239626633356333656636
61393631356365306135373866373732353335333431363463363739323532656262373634313262
32643237313234346562343337343431636265656461366134656431633361613532303633646334
63363564306663303033383233613434373961633835616138313739353235633762626436666361
37623064346339613865313734333439353135366432366632613563343062323964343566303737
33316238336666616430646565626234306464303165356333363436386336326532333761643132
64653361356539376161373738303735396532623963653233316264306134643865643863393061
30306665343161386538323265386137623937663736353836346432613330663366643664663465
61616664366566663133313537343535323663393363323039343031663464383664356231613035
31343461383663396439373336383564616331336366666139373137383638363532353364383266
63383066356338393737363137616432643433343162653935636665666533656162643539356635
62313839626165336566613739313862373131626365666463383835323538323164306362363766
65643634623339663530656362623737346637326238316136333938633130316632336264663938
33363430636539316537
