$ANSIBLE_VAULT;1.1;AES256
63326166346530626562643462373731393733656233653537376230383630633336653933346439
6262613636633731316366646338323839643033373365610a343033373438643363646636323437
34623563396361363432633662366236653466323139666263613833313931613233336631316430
3036356163373739330a656632613036393162656639613463646436613135636434386439643636
64626336653437363135346564356438616330396336613437393135343134393431663434366439
66663862316433666466343238343061303239393634393066353838653164633566326330353961
61613965616330666231323238646532333537633032656366306138373932646634346138356366
30663037333832616262636663643139326532383130666535343631333561326437646532323733
33643637386664653365353035323561663532646631313631363639346165353436373433636230
31653338363532313236636261663430393735343934393966366336373666343339313534316162
64333938353936333331363530313839393430363061393238616634383064313034663030643935
33623661666262393030316330663766373965623738396431313532353539323762316433653430
31386635303936366638663361323964326332633738656230343933303230633162626538646362
36333763313938636233616535333339663432353731346337393332626138616465373962656665
39333565663433646265636331646633326166336532633033313639313435316438363537646630
63313731643864616162
