$ANSIBLE_VAULT;1.1;AES256
38663764616636396666363330363435326534623332323361633032643162386663626561343536
6165343335653864623530643566366131333539653930650a323266666239663232396333323561
35326162353833623062376530613437303662346566366464353464343663373461366566353436
3334613437363937310a336330383239636135373835656531623765336530343365353436663638
38646334663566366438613962666632396364363737373337663435313234643062393465663066
37373761363165306639356436363737633065323964313830316364386631343036343133333039
62613035373366366633663139663338373230386162626431626537643130646534343138386238
38633235633362306664366665626130383334623132623037336663396531363838643265373633
66383334306463343363336539373637613332663364356134356235666562653237376130383835
62343337633733613131326363663131633464313239626534383334626364343135656166353562
64643965633532623663333833396562396465376465343563653966376361666538363461356531
32346566353532366565303362623235363539333130643335646164376434333165343263643763
35656134383932643236316365666132623438376435373135393935626534363932363034353837
36363332363862323736386338623733326534613538353537313066373964386539356562663739
36646536326438613130623134626239353737666462636637316664653366376266366632366230
62636564373137323635383561356262346563303531633764376231653164623065623135316665
36633465323566323735303865313032356137313366613863623535383637383033643332363231
61613831633834613264653961633165633334646533333761643530376264333935326264383830
30663231333838653937393135376530343332386162383965636138616530323534323739373537
37353964613062326332
