$ANSIBLE_VAULT;1.1;AES256
36383163326436366465373231396166646436623634623130346432333432633837363130636235
3632653065313161313865656138643636313732653966320a376163363639613132616561313237
33656365336635623563356566323439633238663932653633383839303461393861363661333238
6231353663636365370a323966306335313334626331663936393239663733353066343362663665
30323035363434386636366363353834343365383563373831363061363138666333613365616666
38346238623832353438633730646364356639363233666630336665346361353833316336313537
66313130373662626262613764613531366662336536376534333738393561666466366165346561
38653536636237643062376164356138656261343839343432356563356662643136646665643637
62323361383961326366333064656163346332323739313533386536326662383430366132353633
30666137393464373062626630663633643762353339396232306136613863396461616139376462
64636131613239626436663538333363363631323739366635666333323234323035333333346361
61616639646337306533323039323335613637623966663864323961376464323432393232326464
32373638623230653032366264316261326130343361656166363162326637653365303835306135
35356261306662336331393333636666653362306431396432363339613433363862333231336632
31333534626139303133613862653332616364323433333832323133373962366235386338363565
63353031653738366665623131646433626433663564346634303264303735653131633839393632
39663763396633336565623133636430623930363865623763643130316364386531316261663363
37386563636665363466343861313738393335393537353664623836623733666431396639373134
33346266383735306161626532623032613735313036623230373034323238336332373664363965
31313336623164613762633337353932303235393237363362316131363966346230373730393734
33663764313966666563613133373134663633373838346232333665303534636331383538373532
66303531353736373039646666653934643638646661316133333462613366393733376436336235
34323531336662613335633935336531646362386531333433363563393663396161393164326362
38316361373231336636323030613132663834356131613734653734363934383563353435303163
38623534383766343931663030626136643536323765383635366233626133666532383434623266
64663031633032303362663734343564306135333464393663363539316138336166613035313537
66656137613938376537323839393432666532333138653533386330636436326364623037363235
33633062663563346134363066643836393736326434633732316536623563306363343739623638
30333132636634353866666632363138626338353465383937383661376461643634383361396165
3237323565626435346365313666383031393031626439653461
