$ANSIBLE_VAULT;1.1;AES256
66626466313439353930333265363233633633643139663465356332646131366635326239323531
3635363931383938316134356566656231663337653138630a333532656530326332383263663237
36643938643164663536666639323738663165313637623035643935313038353534653638663363
6135346166343533340a306265303536323030323733643961363461386662303033316365376430
36356537356433613331613635303766313466363564663664636132313239383637636432643264
34343963383938333431313133373261656537656633313332376230656130316563303836656663
66636238316663313132326534656562386630353466623533623565326661656266306433386464
65353362313265333163303162646563383761643835376631353339343662346664343864646339
64383962343233633130613736396262393866373964336462353161353463363839633930363030
64363230303338306466343037393666303230323933626262376563373638366663363731363861
65323731363833643232363038643730383733396261393037363437313031326331333830386664
39333239306538626264656632396538616366633966393564643038666633366531353362353561
65316535306430343561376131613730396365323766323133383236373534366433383161376264
66666363353964653566616535386565373038613338666365653233643534303564663339393865
66326362326431613161643534313737633330383133643337316330376361353964326266373434
39353538393139396362
