$ANSIBLE_VAULT;1.1;AES256
66396537396537383861383434313462333437626435626339376362363339383634663137376561
3665373463613835373536626538623032373238343366360a313830363939353262346663616465
64303331633564383131656232396532613663376261323932303239323262633934656630346164
6235316338633937650a353662383663616532376638303332373336333733383532393364393538
38316265396465363464363334386437323833616538666530363236666466643431313361653663
37333138643432333661656362376536316561393466356438383132323638363537383733323831
35666263663538386334316436666536636239623962653062633137306338616536633965376339
63346261386531383534376632316364333238336238313861376236393330303137663438303064
63303365343035656661653432316630646633633437353836373438323530313031653465656535
64656563356566626131373066336234346139326261346135383034303661623634333061636533
35633833616630373063366131336139366336326464366633623065376131326133366664623934
38363232636633633864626563616563613166626132626661356431383539623936646365623637
65373465666532613162313762386233323739383136336361356462666536633364633838643130
63363734666562323535646136303936336131616131666432393739633236313531633261356161
61323435646133653335373561383539343764643864336330306435663761386466373564333961
30336638303063656563
