$ANSIBLE_VAULT;1.1;AES256
35616436393737623938373835636231336639633735343962623964626161653564383531383832
6135373739653630323636653939353362623261306463360a373362633736636563316230376564
33313666333239306662613735396465373631353530303433613966633066333863663736383834
3236363030353630330a616532623038303236363339313964373032356366336637636138343065
30383963303562633962346564393734663161343662613832653032376330326430643330623530
61306430316162316465353135326137646561633162643134626463636237343135616461656135
63616137356161323638313039643464346564623862616634636232643232646630356339646565
64326565656264653466373638633266633234363131306535353062643261626663656137633264
38613832626434306437336162633734626533373938616132323139306230356535363937646139
65663731646431393133643537653637616363313965633237633231383337376161353937643133
65623966373962613330643866633261626434356464303737383234343166643831376563346134
65343538303033376363613639383066363866666365393165353634316563303433323832663838
63323765333738636162316637666636333661613734643531343635646166366662623562336263
33333730316466616663393835323931656166613334366163393834333166613763653836366461
38323766663733623434353636646161313036633363306135653233336561306161323265346261
66393938356635626462373263623266313037613734376464353631333861663338363630393266
33613035373561653738323666316663613733393030313839633336633830663733386231386639
33666336656331353162343534623630643133626264346238666538656365363830366638653439
62356466623038663534623336326330616432633738396432316663316161396364393531383138
65393538393737346538313334363632373465333164656161366537313166666139343663373632
3737
