$ANSIBLE_VAULT;1.1;AES256
37636335353234303439373830353936313936353434623036643638316562373761376461306430
3335643830353935623062623537383831616134343235610a303463623333363635333362343330
32343330336436623266653066616435613761343963613133366465383537306134306537633131
3436333838326335630a306635356133323462396166386538613433313864313839663762623933
34306134303230316165626237636364653030323964353362396230323965663664666434643331
35333163616431646364616434666134633237343763623930323639636564326462616436343236
61643139643232316431666535333264653036303865653430323836633336303430346138653861
38366533633539656466313562356165636230393166326564303663306436626561343836343764
35623563376131313038343332653732666438323364363930376332313361363162323165306635
62353464643461633231306333306161316663336338323831386430663366393930336566343731
32316162316563643265626265343138643565663365666339666533653632373239323632626161
63623166383066303837653432653861356162656139373830333338396137356363666461666265
61353139306132303936376162333465353638386139336464353739636138313332636534316265
34666530366262653464646364636335666165326337666438393335316634393465323039333661
39353065346434363938633233333831633662633165616136313634326130663538343732636665
38313931313131353062343765323830626338356265643733613932383637396161363266616565
35373931326333386438323331353864353032643061633332303331353066373639313830363965
34616433626465373336316236373461623232646135343361313432313632643361353839343530
30613633646463383062393065333861353039353764653932396364646231343865366239343264
31313630383036353565636338336235393734633166636261363062393234383032666130393761
31366461646332373134346232643237346565623364366263346632313461323365396438663436
33323136383661656664353431306263316638613063336361666535633132643063663331356337
31303135633239383333663163396463366561323863616235643061666138393862396238656666
34393737633266376333346537383430373430383334316161353530386432653662336565353463
62333330353764366566363431623666383030306633666339363038363164646662346262326336
31313765333430663266376338663463333963633930313531343939323530333136366366633335
30326365643837353465643431376638303731386361326638326530333639333365623738313931
36623062373961323833363264613335366438303235313464633136373664323165356233653265
30393233306436363664666466366361663731346236313363326661313630393533666661666533
39653463343435383162306565613739313963383936323065366663386333633830366364313937
66396262346631383136303937366566313031663462663039363032316563336138393730346662
37663733643735646232383237363565333463623264353335623333613931613661633439653364
3561
