$ANSIBLE_VAULT;1.1;AES256
30326535336630343336653666386263313537333465653934333036376334663163643166353437
3132626238386438646633656463653663376464376131320a363836633937383761353038343838
36313132356635633064386538316135656262613864643936353331346136346433383431393430
3066353865613065330a393130643239636634616333653338633435343031343666373865376564
35353532633337366132353861323862396663346365643964613166363766333832353831336435
61343732363633313065616339626238613164313633323763666535383664393961653139643336
37303130363033303635643662663962373339623831346532376261323135633635656633326638
66626264366165393835373639363734633561623962366464626264333335333831663965393966
64663965343764656534376262623838343266376463323564373335326138333538383261633566
32303037333238356666376137336261396538623630303364653165326163653533353532393263
62363765623134373634643463666230613331363835363364336363353833623432626335666362
64343766313233386537303839316332313663333962303030376134643265653063343332353432
64343530393130303830366365313433656336653964663431313036353732373438643833336563
34356439613032313962663339313935613838373333646261656233656165666662353139376132
66326561633330326161326530646634323130303462653230646334663038366437623830303963
63306535663539366637
