$ANSIBLE_VAULT;1.1;AES256
61393539353631396231663034363031633265313938626462633936343962613831373631613733
3239666361373532353263346535323037313364633962300a333139653932663238613535663638
37393530616564303631366339346535323732383837323937623639306636306566663762623061
3164383930633861650a316131396566626634376363633563386564663232323766663336326236
33336534643232363334383332313362323133333565383337323261643037373761386237353565
35316238346664363335383232396634373038333365613730643831353837616236636561343265
61633137323462373737613562396633343130336566356165366335373164333665633535643662
38666363393238646339396536333237366533666162376637616438356665363535343364323261
63636132376565643561646231303938383363643235356232333633366139656437343862663634
38663631643963393636356165323136353835386264663961626638333133346532393136656136
34326133613230336462303262623233633365393866613461666238303761663731646262376639
35313038643936386537343130373832333930616439626139613961356132383436656661313361
37386166306362373962396132383034336236623933643430353732396232323235663431363037
37646132303737616264633165393234306564363736633039363131663764303131366139323765
66373361633065333332303139333632623563626632336164623931316163363162336632663436
39313666336265313731643335383461333832326162363036363966323364653137383337326634
35323937316364393839663064666630643535613535653337626165386563373466323865346137
39313934323735303333313237333632333632346264313966646137346439343735333162626466
65666261353032393539386463623566366361363166666337636339633261396465393963383138
65653232376233396431
