$ANSIBLE_VAULT;1.1;AES256
65333437613634356534636366306161646364353137656363613762306130613436383137356439
6634316136623734373037376462373362363163613464370a636230306430356439616561613365
35396437323833653064643639666230323764346237666166326262653030383461393762306633
3339653236363761390a383434623461373362623733356166336333343666653666663635623363
34373361316236383130613766363032333462643432313437633535656466373130306333303863
31353030323763373865616662643234383435366362376162383332666331623366616232313539
63326164653733623439643162376666306131373334353963306331663663323239663932363337
34386635356266613339646131303064373965373033336631323830626439663965656330323064
32333463326361633235653265633762376633363634666461333033313339393166643332373363
62383931316539343935363766636561316638323930643265363032366535393839313138656330
39316231663062346330333163656539303561376162643832316637306538636139626139643331
35393133343831656330366630386236323532643062343865363930306637383831316236343866
30373931373164623361323864376363383735356463373430656130373866336434383836363533
66386266376335383931353766663837353234643362333733306661343433333465656431343434
31343837636430663166323338333663333139393932393861323564393861633764656536663034
30653566363834306337666337363536313263633133336538323965343733313138326235353431
62333933616631383364643761353034366139616633383734376564636637306535363535656232
63393462646633333863623761373066306537313339393532363230626131303631303530353262
37666264636162393836303832626563626631313563316561636261666439376637643830366435
65393032383537333832333736383036666263316165663964393863666662396337383964636432
3737
