$ANSIBLE_VAULT;1.1;AES256
39653636366139306465626137386261663163393661343837353765616565393365336664393934
3366346530363533383766663235343230393335316537350a653631613534336664366464376433
31326466333661313132613130613862363237623639383266306136376361616534623038646139
3631643565646130630a626539333264393533323264316238663130613861393761656434643463
33373936393931643861623866343165623666633366663230643565356566303564323939326131
34643935353138616262393664643036336535376265353265646362343462363230333330323261
61653632393037373963303165666338373063626332646162333737353164303530653939363935
31313733373635656634396266613237663966623663383033326431386530323233613334383239
63383537333032663536383831326632373065323136346531363361316334643266656466393937
30316464333666316637643561646264663839663630646131393336386331373735646164623630
34303063383432616131663735313936323036303866376230326537646236363838353136326434
37323031666530323937336231663530613935353931636164333536663931643432303735643034
36316465306462366564336565333131396332376233336461643632346136633664353034653963
38666136343562613935326437353632656364623634623938396535313236313164306136303266
30646462633937323435346365613962626239363737303134333662666464636262373230383530
32346134323931663236
