$ANSIBLE_VAULT;1.1;AES256
32333831366637313265333163656262653933636133383835313339353663396234343634663738
6164333765346633383964363936616137653832613532370a623831313861343764366163326638
34386662633333613631666531326534393930663864333761323565393566656164613435346666
3132306361363737640a303433633362303763653563353464353537613666343466366433616334
63313832393936643461623634353061643737646638643032383764643466376234373931336164
33343361653434333864343935363839366634386661613265656232616631633064613230653339
35616461373430383165666632616265373962613733653434636137336561323864313631303534
66666239383862353438316236363734653431636532313065336462306565636361306339376237
64316634636231333837643738633531356566613636303461613964623666333430653132323830
61666238343338313236336661613636373136383562306666303963373034373833323030333138
36646130336337313261303064363638376363353430343532393430313636363237396530316439
62343261646334633232643037333338616234376332366436316166323939623461633764396331
33663332346465643963393436653235383930633531656136613638356531643263613866633266
30636530303339646364613836383463396234303436306463613735623134373366396562386566
64386163383935663331353165316338656539623836633139376662306130306261663565666431
39363435643362303865313135633234616633343637316235613237363066313364383338323962
33623430363466663166623237623461316461626166316132613261356261343434383637633438
65626463623835616630373362616537326632353461353735396361356366663034343865336437
34356662643262643866356230313361313030636537336334353965636631643830363064326639
33363836383865386634356631303439626531623262616638626266643034643536363136306261
3361
