$ANSIBLE_VAULT;1.1;AES256
34393133306363656333326266393036653661666230663538343633616639333336613531346430
3066356537623531336139656534633034633639323839610a633131316266333031663463323234
36623331616530323962306461646631396638666235616439316434656435656361393532303965
3666313564383565620a623234623937373361643035616162386634356364386534353339383465
38333664393065376630383963353638343938663130313435646239613731336363646638393562
65613963343233353262386337373530303636353137393134396262613566383331643763626164
32316562646332383966613261646138646231663633353339616162643537363139343164623231
63623534353138343533613937646562666262313662626433373532303231616363643561343333
37353431393239373433613862336261396231613764373537366637663362623966373964306535
36623265333533636461336630326337363331343738303635326337653034313265306465636631
32363661313630336363363234646234663031323963613033653737323665643739386131653566
62656432353838646330393835306538333132666365653634303631376266646336393064373463
32313432343534613031363739623333333031383437666364633231323734343738663439376238
35636561363832633035613166646432633563316234663839633561623034653236373833303234
65316439353730613964616366373330646137623133633662663963666665383066313034363165
66646435656663303538316132616238623135616465623961316661396438353134666163623762
34663464333763373338636365343266333062323536633331326132393464343861363239383764
33396362383335386266313037613831303331613762366238363566376461633032343163613563
33396565393962306238326335313164396262646333383639633661663936616135363266623135
34313263373165636161646538373164653262313763313263323035323761373434333836313461
38343333336530326362356366636333323334333461333833636531336630653835643061316638
64333431386436623863653965356534656636656434336665316338393166316439313066636562
66393663383061623230663439623432396633303364636163326331666235353838353863366134
32353934366262643931663039373464336333626130333934353931386339393066343831366332
63323131353163663061623430313131363030633932373536643734643864626632366164356564
35333533313466323064316130343434356636656562323733613761396631363766623535653966
38383963326334666639393733656230396238376539613238643565313036333863373366343066
36626634383262363933343834353333663834626337333366346632363830663132643337316262
33653465633038373465396138373561393235343366313264333932623764666366393562623333
3461333938643866366265333530653965346331323938333533
