$ANSIBLE_VAULT;1.1;AES256
66646662356561323964363736353332616336353832386331383032323439663564643666663438
3933343866636435333930393865343262643431383233640a386266663932643863333932373263
32373733383538313734623532383138383938633462306664613136623161643634383963393838
3939366139376635630a356436366631366530613263613664383533313034386330653265316365
64636466626365643838623162376339626333396364613538633466333064666232653635393630
30313365643637323232326531393237333361336362643564303037386338393066656663313264
30356264323039373936343365616234383562653731633232626433663862343532613638636364
62306235613531323237373230323061306232646662393537396530313934366236353038353435
63306665313066306333333032396635323164326635393865316334316561636436353639353032
62313531326637336231303338636231306138393761313465303833356361663535666165313638
62373837326664653137633361363066306136643136336333346334656164323433383637386334
36396466393639623131313662626232656662326333393161346535613931303332373464396131
39653166353839346437376234633066653833653939386531373461343937643465373135336462
62323865623864623532666534313666323637636434623137666133346461343430636631613264
37633333353039336636656161336433613238353235663163323862643833663931366465386431
38356438353163616630323833373532613761333561666133316363306666343035333731396463
39343137623861376432343265666563303464666465653639363434333665323136363531636337
39383738333937353430623064663364396130383165303335383764393037643264343636323737
35633234636264346436363134626438646662613831383730383234633933306638616139383036
65663136316333393533383335636232656237343132353035616164613538363630363462363164
6563
