$ANSIBLE_VAULT;1.1;AES256
63333638613639323238346563306434636132646131396434376164336262393539323238616161
3833613536623735323332636331363063393234636630610a643433326163663665363237626163
61646666353436393132326663346335353466303061343236373638363537383730353138366438
3634346636643565350a663631653463653638306363343065313535376135636338653339323138
31373431323230333439396633663233353933643866333038636663303335376135623635383736
63633463643231323663353137633931323738386566346432356164636164663339383861363162
33346335663937616431646236653838636435613439643334646365356466393333643134373031
63313237393764643138356534653761363632356336383933353036306433366534633064343237
65626436393333393161376239386538383138323333333161326430313238656531346636616166
62663436363836663635613762336261653732313634336364383738336233323636393730343064
35353934626430313435333838383733396135626665663130613364663730623136353662353064
37343464373132626331623536306565656630383234343436303730376239346136616333623533
38623731383862653433643063363162326532366338626166353034663339323562613964373463
66386635323064323463303534343838386138333036346164616435376264393034393538313134
66336462366639373762396666363135393265306334386263323862353330663463376261613039
64333537333761386263376239643939663636393234356335656161623563313862633833396438
31326161653130613833373465353166643362623335623833363264636532326332613737313339
38646565343733346332663361626265373230333331353137633963333838396333383664353731
32646530623064633736396161653863633763393834316638323932626234636632366631653636
35393036366263353766326661313265623332653836633533323363653238396261363164616530
3532
