$ANSIBLE_VAULT;1.1;AES256
36313834366566623136346330633233353535633463663762316235336262643133303863653065
3734653339313131366233613931623632323635393034380a396261653139366664663837656635
32383233353935336264386535633639656461613563303761666532356536303664633539616563
6635653535353135660a633964306539623261366537393634623364343035316463383935393937
65646135656665343738623037343838343635663664646130336131613037636333336332653939
32326162636265336562623535346463626236363730393065373038346138373064643362326439
39383230646630616563343862386336353635333766653530663331356164383737393639633464
37343966386533643534353332653562306663353361313333393836343564386461643334376336
30383935363066656337616531313063646262663661323038666538353936336162373064313564
39636232333061353737376662633134346532353233616265353232613632373338386264333762
62303162656634343439646530653336663665373639636234376564323639653437636165393263
31313936393839333233356237373638663535663639666165316330643062343331636130626365
64366266326434313934396464376665356132376532326537626338633534336366316562636465
61373531666138613163623833313830646631616465303062306639343064383036336235373933
65306630653739326634393562336166363363663330633563663730333832613732333239383830
31643030613366306531
