$ANSIBLE_VAULT;1.1;AES256
31363764613733313436336537373461373236333130303637313138633031386530326231383235
3736666462393934393939316338316337326461383366300a396664333764326339343632356636
33326265393230313539643936643836323863633461303134656237623835306164363635613636
3866646233346463380a393538326230663430356635333239663631313966373738333337306262
66653637643733386330366630366536313261343039346564333462346231636133646633646466
31356365336166353337366361633237646432366462383166306330316663313235313236306262
39336266353635366532636636393864663334666436613738323631633365306365373530303230
32353062343836333266336663663235656230323763383831313865376335346430306339643131
34393534376635623834386239363631356261646231623966666665353566613135386463306665
62613566376333323038356366366336373439373334396537623866373430633034326431316535
36643363353430656438363330396665303531613933636336313931373839356663656566393130
64383364333233366366343836653066313035363564643831363136376335666465343566326563
65626433373663346333623462363039643562663862363934663335333435373636356132386161
34303534353437386363646661363335333935623965313564396335376135313132306538393530
63303035626562383038623933643534623437663163613462366339336663313032353730666261
33656231373836356138336436616532363939376166656432373035383133373738326530386564
30333736353064333631313737643730356238663431376666626338646636623661646433333863
66623335393964613565393034343564313833633461323061313662373163363263613766363637
62646633316462613562353333313462396263633933353666336163343530646537333535666230
37666361653932326333
