$ANSIBLE_VAULT;1.1;AES256
65303636313434313330643338373865313335383038613762646666626661353130356366326161
3237386132303638666538386237353336613039316363310a653337663132393036326634613262
32303939666363313635393262306436613666313635366537336465366264633961656134316532
3939643661633130640a386262363133306436653462343237373565626334363135353261343633
37343631666164346538363730383962663566633835323331636162303937343235306265363634
34343835383433363337613736346237616439316639363635346434373637383863623630633937
63613432393463623664313465633137613462643064373664666139646166656161393865616339
33373739343337336633316338613330653135313931666162393661316135306436386365656466
35383836326433363833303639396465326535333461373834303332653164303264366462396230
33663531346339313166656165313339663366363433303533633430376461643765393436306661
61303532313561343133396637623561613961393337343465626137633062376437633030343635
61326531333263663032383362313232306134356462646437663163646263313862313939313539
30306361393430633832343865616334303864393332383538353039303061646238636131373032
36633966666265643834636231343364336266646562373364666362613165616133623532303037
61393665623765313064613864336431353963303938663265626561623364333430393332323332
37643262383736363335303339653137626564643536616132303337373036666637303262363164
65623437623031383765373061346232343430333534653731666164383936646531643737353964
35373063313736613939386534663431353864643365626164363161313062313635326165306231
663066633933326265303263356433653362
