$ANSIBLE_VAULT;1.1;AES256
62313963646562636236363835663333666334653734343866656466623232623932373265393339
6536626239613231333737623937353064373839613333620a313364396663626464316264336666
31356261383430316330633436356464623361623931646636646130663965323163623039376336
6235393636336365650a343934303233623364373762616561346632363266626663336165373433
34623835623936303936636165343036373838326539653831383530666366363233316565666337
38646336313034633933326238613037363965666539386430346231316230323663623033333961
30633535616430646431303634366439636238656631323634663332653962623462656135386235
30393636366537323066316639366264656562653663306539396238633036663136393265666132
63376636633130613635623736633336666137326466643532653934373637383330653031363731
34376263653366313461356466306536326439626539613039323236633263663831316337633731
64366464346635393362386237633366366133653130313464636130613163346130313933313739
30316435346636343063613235616230613633653031643761323462323337303931353730656537
32326439306437623661666366386139666537366132353365383966316635646437633830393936
30313431633166383133363832363732646165643037336337626231666665396132663031613366
39353165643739653064393435366566393333383066313930633938323430363661313832383762
36323165653264353164636464343335323238626435393032646165306439306236666366623234
63656135656537613262636533333635663361613135376166653562663130313530313531616536
64313930643233646634666130363039613735366363343437663530343666663333643766643766
34663030373636383237333539663030373836653739313337656465373236363836303531613236
65636536383735366539333232303136303462653766636361366564373336333964623862633863
3334
