$ANSIBLE_VAULT;1.1;AES256
66646365316330323735653338376534616161643332376564376430643164396330303233356161
3330663135373630623762653433343835613531613564370a616433646538306663653338656564
30636461393130323165663266373432643732383466306539333635303033636638366134323436
6661656566663230660a383962373363306262643537343030396233623237396164373532306339
36343630366464636233636564323035366239393135336132656631323236636232626634633730
64653834383931633561666530626438333638666333393434363665393663663462393138383037
34613836303464326330366638383237323738383031636233653961666463626165626262663465
36303932346465303931623534316563636262343536313235626433666662653365306265633435
63366632393932303961393734333033633965623131343464623332373061363931623834333961
33613933313331306563663566306664633766303763646132383466383761646130666534333035
30363535316263333064303963393130306134666163323238396564383966656561353937363663
30363561343263373662653936303839353562383263633363316430366230623465336233636665
61653663353938353932313134306162366663633166666636363639613936613439303265383563
36333632306362346439316235343266383432333465363563616535623432366238643365373738
32323439653762316265616430393534313432653230656662623038613630336162636236323464
31663831396632366433353362393537663464633361633537363661666230393264333837376564
30616462373432653937626531613138356631353066666639636239633863396632376564393662
66623730316636333563313432326535613439636264386135366435633261353231353531303735
63616639333238383462666130616363316431636536316565313032366539353534343465343238
63353462656137366635
