$ANSIBLE_VAULT;1.1;AES256
65306633366231636561376636343138376535313533656563376533613435326564653964326433
6636323565306162656437333761383161303133313539350a613136306236373931353432653933
38626365653636353432643438613362306334313738366236306635376666313530333864656563
6135353161306635350a623334393237666332316539373334346431343737663637383731366238
65356438363331346333613636306566343335643832303938343430306163386266383339336132
62396462316332373430373735613562343633333439633338316464623230333361383663653838
30346539373734656666393161316636653065616365343962343433393865346662646264396635
31323133326433626139333763363064613262613832376536316430643530333965663465373761
63626532353864303430343832343864323764366465303132313832393032653730613238623337
63643965383163666163313836366164396530653238393664613132626165616332626163373434
33366564616631303864373265316335303662656631353431353037366339333639326265353662
62613838326563303962636665373532333936623239613762623864393939356363326138643266
33386333313336333864646363346165393063346537323666663930663235623362323365393666
66656332643161366664366133333633613135313363663062623232376663346261643834323332
39626134396564373131656132306530303063326637663065633832336434363939646661646331
30326338613732366533
