$ANSIBLE_VAULT;1.1;AES256
38343061316233636233303962613038386465386533633566643236306465633839653666323430
6664353961663435353135626531653839343630393036620a643061396439616338663234366662
61656561316234326364303462656235383164636636373531666130623865323435323561643763
3636633736323833640a666631373263373965343633346364316334623737336566336661616638
39363730336465336562613831336136633736613430343764323462666165663266306230353230
36646232653335346666643565396434383431383465626463353335386465643665383334393638
39373036613933396130643434323431646134643162346135623232353566626432626362666436
35313933383835393938323831396661633737393234386336616431353934643864386662383965
33343566653031656664373261653734376538653661326532333166343034613539313037666661
35623237356239626665623136303136363239633463356230383666376433636166666135346436
65303239306638646338323164373966666337366663343433636366373334373566343538373437
33393432366234316332616539346332316566646537383436386664653738366231356335613638
36363534353665386162613631616264633363363363353366613632626135626231643837303338
32333763653238356137323665383561613932303034386534643139356237373565373833376566
63653032663033646437616336623137303165386330363862346433366663666139323633323362
64663939383164386134363233386663663264666664333963623637316132643264663966313463
35393438383330356164666530386135346538313034376364366461666235373135633535376664
38343238363361386135346532383335343833316564303739643930336364616464303866363766
32396461636433323264623836346331336262393031633031333330383636653330636162396630
39323031313030313362
