$ANSIBLE_VAULT;1.1;AES256
61663339376531396537393637653732353762393165323466626333653234373433346566333137
6666363665666439653164663863333833373333383161630a353461373831306537306664393536
32326437643534623737343664356534373939633232616364356362393261393561343639663835
6135633139373434310a386634313532396232363862353534646230386338663039343939316265
63643434616231336462306334343264316161663934316538613961353862343162363137336436
39326338616330663933363830353366363262613930643664366361316233383532393032393634
33323538323834653466333530663335383163363266333836313732376235326335326362343165
30343238363265323839306364373130383138626535313764366530346235383361323436613733
38386438633261323239303038666363636237653137373330666339356262663566393334663263
33636663396231326562663466353130613732343139383065303733616536303438393533333634
62383335373238613032623337333834626330366332353038646530386361643034633564663530
36613236323761663863653761656366363031386264663332663739353434623239363561306662
38633738393037636533623136346131626566343530333366376163646332613231393738346361
34646531306463656234653632353164323031396532306439303864646435663762323466616261
31373438386561633361616333303631626531666264623665666634393838353666643232646539
38656665643330393233
