$ANSIBLE_VAULT;1.1;AES256
62646534643766323533616362326666303836646233333665336161613264616230616563353465
3664336631313564386165386163343461356538633638300a643764383961616531643233643461
32343139336136616266613337393435383931323164653532353964666530353538613834626439
3335336139376433610a353438636234376334303437626439623935313931343730653863623632
32336635636239363364643463636161376631663731383034633733613466363134303363346634
32353334643934343230373837366161666434313432323333363766363232356363383338303263
33633035643164643336653033616366663731386639656430633334633461366561633439386232
30636464623766303966313133343063303233303166366166663064646237333966386630623635
61643934666532363936613738663630303033386564323334363166646432656433356463373861
31313930346661663735653863303439343739333435633333336163353630313663326439323466
64356235666130623138343665613137396661376366306162623466303338636163323561316438
35393131363561343935353832306566656463623065613131323862383462323630336233643762
38646330313864626232353362393262613061376133656664613162613761373032383035313161
64333766356634613830323466313962663165363234303263643930396537343861306533323139
37363139643235666537666266323130303363643064316161326437666638303832396462643562
64333935303331663561633433326135366636333830643963366231393266616335313838613662
64393461616138666365353265343564613338396136613839613863353264376561373237633138
65613265356437396139366638643938616562373163646536393266383562623237383230643562
32626333346662373565623333346463323538653165313661623238343438663430643235653362
61623965333766333939316133616262383338316636356335356432316537666266633735306334
3461
