$ANSIBLE_VAULT;1.1;AES256
37633462313332306437306136636439326561323566356566303661376437306665353130343265
3835346631633135383465333034626461316538303764320a373538643230303739653231663762
39633363623565333963323264356466333934646663383730626466393137383631643937333330
3365356663333664310a373534313737383439326536613539643764346636396631303330656431
39386135626161623739376638313739373464353735323731336638643334346136323238666234
31316362623636653637323063363939373361303131653438623161306434626238623364336431
37363765663363366361373961643135383961323864623161306536626638336164346230373261
30323330336532306637376661353363366437656131613336616466313638303138313662383537
64653063653537323431636236646566623966386562663538636565613864656531386164313132
36616439356130623765333365633236363232323965633663326131393161373333623164376631
38393038356233616337663835626431613361323839313263626430623432383066363964626261
33303833376337663830666631623236623235396563326437633463353462343732663666643366
33653639316166653539376231353731333838366266383636303233343930346230653766623430
36356430653330363531623831353066383536626335343365643562623035366232636463656130
33623864336666383063623463633965316335326261616632383737646137303462643832636530
61663634373138386161636662643933376266303137383738306533396539663862393762303632
34653131356430336362386462613731333333396136636338303138346631653137363463353730
35363835626365396563323730303161373339653863393236326531613631623764393231303535
64303931623838323762363231366664633238336131366566636461396261663930613562633161
35346532623636626137373563363732353230636635376463393731633839376236633530373538
3064
