$ANSIBLE_VAULT;1.1;AES256
39366566373561333265346536316362613236663766636262323836396262393438636236663639
6561653465666237333433363531356630326566383532660a363732313861666134616264396662
36653763656235363133316333366630363631313137333130303838336262616262643265303736
3262623966643634620a613538356662363336613139393538653863346536303439383762383264
63396539363562373363656235363035363730363533316231333333396563336634636131663834
31653238653866326631303534333930666236393534623465343533613436393934376464353761
30303932623739383133333066616532343563333966623364333539373966303232663966323566
63393563316334613935333834373465363334346636643734336230396536333731343434643436
36353933653032383739336563653036666161366438316231656232356636656264316338633165
35396234396662306464346134386237386239306438633336303865303732663235303532666337
32656365316161666262326133653139663538356164653838373636376431656266643732366339
37366635613461366563343762353839306163633935373238623233666165326665343561333631
38373364666131323735643537383231343531363866303362663936306462363230623632633038
64303161656331643835333832356338636533356462663665306362336433653666383866396663
61303637626230316230633061353430663437633561343539656165393262303762326261396166
36313462666633356461346434653439663432363161616335393932316263623137373361623434
35356330363135663964303337363266346561393732636132313366333438656631303532383264
30303661326666653864306337393432656632636436666564623038666264343637306538613532
61643563353464383539633530383831346534636539386666613464646363623262313031316438
39323330633032633634
