$ANSIBLE_VAULT;1.1;AES256
34356562656537623632373365376465386139663163656637346163613066663663616135393235
3637656566316461643863616461396164613465356161640a373266386466623138353735633737
61643638643062663363333337313135626164646665633338363638316337616435643839653038
6535383133646237310a643134626531333065303436313130663936633330656337363565303665
36306463383135336435666366323066636561366130313131346432356330386134353135633836
33376366316562313963613537313464653138313830383264643565333733663165663861303238
36626331656532363333343039613238643565336235393665623038653766396364663663663937
36333939383664373532646437663364663237333133626538356339356232656536303635303764
37626139386339323562643461383064333537666435353630373239633332303237653234623032
65613231633730386265303262636464356337323434366639396136613833383737326163323038
62663936643332666665383264383335393234613333343465396634396662343762623337396236
39393033363231643739333265363535666266623437333163616363323133393962376364313566
36386433316632303231373265323531613235636662336563373538623662613738343538366432
64323730653734373264663863643261643237343637663035616631663363386564313632383463
36386532336661616235643034323363613162396437343863353764663531646165323238646630
37653635643037383938
