$ANSIBLE_VAULT;1.1;AES256
61386230323338626661306130343136646438303138383364663430383734623931656565316461
3465616564396134653166616439336662646335323035360a323962656431376433376662303061
36383831383261613065383065663830326637663438333134363036626163383765306338393532
6439346364653738300a393635316238636434316336616337346161643633666665356337303665
63393238313537613933353162343632396362333434303638373532333463303637623934363662
65363935333462303637636566613730323865656139626539373933366332373862623464653839
35383935613261316436383664633562373034346239383337656263373436363338306637353935
61666265383434363835353731633735303731343365623633363336363162333461353234363139
34656136633238376438346334383864653061393461306263346539336538623966623962626266
63303162346535313664326565663365383464613365623763643031313263306131336637326638
65343766313365346235646462623335633062386339346562616135386162373562383836373865
37653631383561613232393731396332386534333532616363656661326537636161656130306562
36363937343339643638346364616336316635366335333037636164336533303361373435643636
39366334633737626365353765376533303136336333633330363236613138333633356334393634
30386433643631363264633938356562383063376466346533383832373037613561333566393135
64323038333535363766616464316231313865396561363833376232636563636237376365346236
36636639383439313237366535376537313232376330666230666465346337363336326330316635
38373566323761636236313132656563346635316565303736383765653938313962306561613931
35616330623763313738393165366363313265326166313032383533396234356262656464313333
32323630333139326231
