$ANSIBLE_VAULT;1.1;AES256
39343966376133363834306664363535376166366365626636633134353535666633306462633632
3439393232343264646631353330323633396366316565380a636438666135386236313235363534
62663133303436623362386233366363626539356261396666363236306633326430333162356438
3863663261313037340a343538623366313631393533663862396533323438646334383738646364
35383235326632626263633934633432373738396566303365396637643639303163616539656536
64313939306333383264626639303931383930343031363766333230656665313937643462313064
39376336396364666365396138643938333666336433376630303833656136313639663733636462
39376332616261623436663564303436653535306564653439353666616333336161636539643132
36373561396438653936333232383634353765666266656339393932396564376134613336633832
64643334656563646566383336393439306539386137386362656562326130623465646336353437
66373264343630656235353736326333326635326132613837613763343230666338323533386332
33356366393932383334343535313831386266363635643738313831323633343761303565666164
65323136663865376366636663383533353139383037653064383365386538353863666137623666
35363332303634356565663536336134323530336339653231376531656235643530363330323263
37363064643133316666386138623331656330313666396537663430336362393763383433366134
33633035383833336632363532376565663636346262343166616639323530326464303136656466
36636131366537643135633037666332663632373831323864326334613663633233326534643330
34396637376433366564343530656665353234666666363432386238306237393661653265376134
386231376233643833343737336661643535
