$ANSIBLE_VAULT;1.1;AES256
34363761643065343364613133343435626462386330646638363431306139353861346433333031
3230613961333366313638663934323733633063353465330a353934663233613337336561653531
65353436326137323763303730313166306361333664323436653265326433373636646437613462
3235663137356465380a613237656362366339363563396464303065306138356537613739303331
63333465376236346262323661653436393036663033383935636636386139356661346631323963
66336330376663336364363261393239646265633662663561363631343666396166316537303633
31363765666435653930323332353938626563303531663334393638376130643733646530383764
35373934383534316137353330333234626564333733303132313963656261343465656366623637
61396561336365323163376261376361316438623166333261356535353134613932373632343839
33336332313338633263656434333462653663653337313432613136666634396432383230643130
30353432383865616436643832666531623363343664383336316338643636616361626263386332
34623764663433313939356362633230363532633137303934363631356137333563313630323530
63623966613434643434356663346330303838666366643965306638623365363466626664366363
64333365333033613533323633663566393034356131613731656136313135306636666231313431
33313363653139653133346232653237373934636634653239623836356466633235643632306161
38323038323635613433
