$ANSIBLE_VAULT;1.1;AES256
63366365333132623063313962643830646537656435373061313338343264396135623830313536
6430626637383535653566393431323237363232646333610a383538373234363638303936346238
38323838396363623561643863396162333366306637363938343466333338633132303536666532
6130646165663737310a366239343932353661306234343466626431383135356263303739623066
30333763663136646235303063656536633030386461353065366234353033333464396331333537
38636661646436623965343737663263343661633066356266653162356139343230326538396537
61356463306266313139393264333933363837313533643834663735613435333438343230333238
66666366633738643031663631613631633233363838363533356263623034303937373265613938
62346632396461333065623863383662626364346432653466353265623665646532656332383937
34366538643637336532616531646533396634623330343363616231366339623539623433353837
36333935616530363461633037313261353762303866383265623864653836623138353530356530
35383665346238653531376134623064376238633566313762326437383664666338323261633837
38366130336537663730663562643238643130383561333963613361613061333334303833373362
36346432343432333637316361666635623230306335373233386266326538383631653735326635
64386139366265373236613833323363613139306461313437383161326363663637646465363031
37643734656532303234393362353561336138376231366539643238376639326562336233393361
63313963313430366465353938333536653662663366376161306363613861626234653065383033
33653461363362363730353634373630653431393732383233626331613934376331623030376637
65633762613938323266336263616634376364663261646561376534363131363862323665323365
37666338353835643332
