$ANSIBLE_VAULT;1.1;AES256
66636330396262313930316538343366623734353664383633663862303235646333386461323163
3836656536666662366136636633303837326532653465380a613131343563633130303936363863
34343832333162646166323732623239646166376666303563363031313663663766663038326130
3164663137333935320a343666353630613137656432323963376333303065303439313632326431
31323464323631613462663039383230653333303937346134353836363735666464373034363163
39656634373361646465386166383934343139333362656334383531373530343434303665323138
64663430353036613337333338663336663935366261373531316663336635373937393930316530
32383331623630353161313766376161653238323233646262323264303366623338306238656130
33613361323434363939383637343930366339313131643634303032356361373664633331633934
34613566613137333530303233356462363534666462653632626664646638323962316137616666
38396436633037386134386561363439313334646332346664393237316230656436313932303334
33663533336264653737396534363335346263373037333035333632656364363237613966663466
32623138326565313462353430316338323336363337393836363566333336373434613830393036
38353539613264313731626634313539393866346335383733666164643339336236376438633263
34306432316361333434633763393965336435666165333766303139316238616361356161316161
63366134613737383137653932633539656563636365373365663264383333353933653262623634
35613436623433316231616165633365356336396463333230363064383933353363333735303638
31646361326565376663313864646631653132363862623135363830356431656139346331626239
34353861353966306164383134343532306565616566313837393039623437613633626163336436
39656332336132303865
