$ANSIBLE_VAULT;1.1;AES256
34633362643930363262316564343537663037303430663036613837623636346530356537346238
3365343132373935613363353430333766343131366232330a623361633231366463613236626638
61633532616363616431343161353134623135316463643164343066643232623336396262333832
3735333032633337390a633237626363303930363063623530313336666166623262353337353734
35663330383261313161383833656266656438663236333865666166383335343736313561346633
37316238643464326461353963313134623430303464643431633966393761663934333064326163
33656632343566366633333338633561356536393335623431613738623136626366333839623137
34333937646333313632353366313864306366366134336636633763653637333238363939313737
63333231343764656335336665376163326366333936613130326565323737333563623562343464
39633464366162363536326133653530303364316663323138326137633036356238303463346631
61623564343631333363393733303066333834386665303964353236643063396235353833323133
63383832303431653562393863323730393439323139663662303962626266316363373330663530
31376135656438333438313965333431363238366463363734343639333330303261363631386561
63633937646362353736393231326130633465623731633536643032396563303762653031303762
31393463393039373931643739623932306530656366383766653362663164646635373135326666
30393332633063636638
