$ANSIBLE_VAULT;1.1;AES256
66656430316365323866663262313066316264323432623739623062636335376264326237323739
3163313336373036373662663562633130373938663438650a653234623561373062306265396537
32623863383562396239666661376333613462333261363164323138636131353832333965346131
3664643931333864310a646562373564633933363466343232366539313833303539396633316630
63333637393738306366633034636433353365333964383035636266353335303237653133303965
30373031393535383064313738646132353138353039653530346164363864633962623332646235
31363439653235353364626361613939323438333630363435366264366362616261303437373535
65373632376165386231393062373333326630633863383366373162326665336135363364616432
61656266653031346661353037656639373465326230346430373361303864613333353631636337
61306531666463623637613965626265396439383962323031383039393866643133636236373063
33663939346533303465353637663736613265363833646233373436346166396236336138343434
62656536336638343763633734363462323538626131336333626338623235303534336335316363
65393834346233303536343134623635623539336532663264633565633761656338333830383563
32663038393863396230383039366432393064353333303166616236376238343263313065356537
31346137336661323361336235613163356262623036346436643133633132356536333334363166
32663963346437313839
