$ANSIBLE_VAULT;1.1;AES256
63666338653637393331373566323263333235663735323565326461306165376232326634376432
6165333361373063663332623837393266646335393533640a393336376637303066653436636331
31376630643763316238663963316363646138646235396133653732393664633033613030653631
6638336530643737660a376132366466343865303734336430333263636662653830656133316531
62313830653661613539366564333231363438336635353963326539363033316633373039646261
66363461373033303061613764313935346663393734303231633161343931333838303238373364
37343638653362343732333065656364346130633063333132666435313862396236653430303338
63626335666139613130326335383762666339626333653734353136353733656138383331373365
63386562326531326136663032613137306137323531656635396662623234346432333764633663
33623433656464336665666230333434333333643962616633656662393366373962353337326166
35343332393534323062316531633334376233376166613263623432643035636138356663383335
32616462373931313664393064633230393361306336373036356430333663643233613439653734
36303133643166313831623461623430316161366661626463396235623532633964366265633039
39643933323563353437323635336332643838653533386165323739653436333537383735383135
62633863353634386636656433653735303263373461343436386337303063653463396665363164
66383931313561616434663562386563326264656263663164333862396663393361613464353239
30363535653538333936613563613662323365363833326334353039373137666231313064633139
37663836636130636232626464643065653539613961376661386234323532353036363132303934
39313863333332643439663535396230356630633364646135303736386234626338326636343136
32353330396163663239
