$ANSIBLE_VAULT;1.1;AES256
66646332373037353131323261363834333231356139313134653831323137336165343133613734
3861636236623338626430616133616366666131313931380a633366386265373063663938343764
36663432363832353632306236666266336363633166616433336466303864393731343330653363
6639306264656330660a326432613738323866633738366537356638653561383237623464333034
37636338393832396364363562613339326438643737633334383765393038333666626466353434
37396261656435373761303530356434373263376437303461643464643634306232323262356161
65313062313565333866643961653137316464313938356264643438356331343765643762363832
61303437393938333738373439333330383431646134633565643865336237623935633730356432
63323533626665376331383761366532303933306330333030383266643937393436626134366237
37663266303965666466633336303163656461303633613138353630643232373932656339396563
36623234333138633061326131623265326531316661353635383266646364343336366665393562
64316163393830626262333563343339303162666363316234653861333039303936633362316435
62343265616262613734633338373036323565623830653665363635626637396239316239303134
31653061383436326234613231643632643436366533373537316437336438656534396430616539
38336134376639373332646261356334653363316361643432383264353361356163616130353363
62386532653632313039666434353961343030353665356632353936326463343864653261343237
31326161383635663332666164663835663434366566366333333236653131303434643939306135
39656564636131616465343933316665313563633538346430646263663735656561363936393436
30343539323461363430316537326331633866326564646433613463373733363034303830313962
61346132313233653863313163343635316363653832643061353337313935383032336432663761
6431
