$ANSIBLE_VAULT;1.1;AES256
31643062336534616263623264633036336534353663353936386265363665626638393634616134
6566306664623634393436383238356334623039656630330a663132326638626463373532613435
34643630666134633631373633353935666164323362386637613265316437313365386337613930
3539333062656433370a643031366230306535316636393135363334633338393031333461646232
61386536663966306633306464613565343239346334303166303161626438333336643365623065
66356236333339303132623862313766393064356164333465346339376135363634393862356335
35376231326531623761306537633835613261633832623930383239396231636532656265323831
63636633626531333136653431633234626636356265346637656663363934626338653164623938
30396537633834316333393563303233636532636335616464393735653334363864666336396232
65643036613462376463356261366462313261343435633562666464633334303135343565363734
39633565323961613063373365313365376437313238333962373139306164313939386130313033
39316437646234353632306132396137623139363563643235306133373863383039393066663935
62346166373637353762303938326134613634373236363966386231636436333462323037626335
34343334313161616236383538633835326464666563303530393862613264376634306236366361
61336439616662323537313764613964663839326638656432363936616632336464616533336661
38626437306636333735
