$ANSIBLE_VAULT;1.1;AES256
37356235313637333361363066396434356662393436366339386637306233623861343230656437
6337303961306536666631633339323365306437323165380a363165613566383461653066623336
38346532363033373961643165666434643338393530656364656666643535356232623336623537
3263613264623235310a366235663232303964313432303330303839356261313839336231656238
32373364393537653238623764383132323232633337663732636233376133653039626233373866
63323732353162666361656135323163343937646532306561383033303635613932656139626438
33656236363337333464626336633336336334663032303363383438666537363361326536323538
61626137333438623738346336323539326265363932383238356137646462653536633837626436
63653861323835656334646562376164383434366262333965666534353533303362393366383830
35303564376430303732326334306633653062663662303261663863326530393565643339386666
33343163363836643066333966316636346562366161316230353039623730623238633931656465
39666636323733393337306662323832613862376130336532656333633163366333356631666261
63363233313636306466663466323830623438313166656665303738306533316133636234356339
37623330323366366531316634363762383534333862656633616238313033366664616361663931
37643935373335343331373565616639376435323666313136656533326562633563363765653835
36376662366662313362
