$ANSIBLE_VAULT;1.1;AES256
33353033353737346630656363373132376134323239323061303563326166363739366361376333
3563306562323031363231356331353766386335303866360a306330643962336130343164306334
37643565636565383139646263633630366163333339303035626438323634396261306138333636
6164326566383230610a643564306461666432653061303435396365633039323365323666346162
39653962356339376566643962656432666361306531653435653736633466323933613835303134
37613230383262363732333033373833376434393564633139653131643133396239306266616432
38346330313266666664343466633064346632363466643565343566643231333163336162666134
38666366303639303936366262373133633231643431633635373361353135333265303334333534
31393565343061363464386138633361343634623739656166343231636432613161623262316630
63613432343738636139386462643164626162346661656165306565376638613364626232653330
62393465643961393934636635363138313935383136636138303961636465643937613665316239
39376335383536346434303537396535333234616162613836636666626236353564643431653736
30616564616436616631636439346436333335326562356239316164623538626131626166316166
64316464656364363134653035663639616565383664623563313936386563636465666234366536
32393566333365653061353138623264623532373039613530393365353938643161633030363065
35306635313665396462356366633865663738333439656234346565393237306263626639626466
35353734343061353031383131366166326439326663633135353837373665646263646365613935
64623934323535303338636237623039646161303064633866666263373335343135353738346231
32353036313934373634656565333033386533633339633934663233353365383537316364643031
34626632376263616661643230376339343736366131613937303436363533366534356134646432
3165
