$ANSIBLE_VAULT;1.1;AES256
33323565366233336330353532363966306262633437326266393735306464323436313664356130
6662343433323737356661333063326137353534376365610a633238623564356533353036626264
36396236306239636464663261616266393437666330376664393237613931643033613361333435
3761623735323235300a653134373266393065323363303238643562346335383937633934333738
39303333636137393030633066363332323038333435343264656535303861383337363063646336
62366436313930336336353030626162663135646138616630613464636530393836333936333165
32396365376163373532636263396661633664343962313334363530303634343565643332343632
65623832616238316164646563663437333065653566356536316336313866353735346164666563
39633664613737383737393737646663383830363631366134616237306436643633666132396366
61363737663063323233653863623766363832363265303562623831343831393662396162353538
37386334356535613033396461626561363366636138313566333833336636613662663363346633
37303664346437316533616434363165303464616231373939396534363961373061353962313730
32353236336164633930356531373365373462333934366564363038653733393030316664656464
35633833613765373265666264646434663964333430613533303034386263633531613730636464
39663865386132613761323665636432646238623539396666363264656661346530666331333932
37353937363464316130313062306231316464353163393864623633333966333966336238616333
39623235363566383536626438346632663463376231636336363231336130316361643264663434
31663839383433623230333335363664333462326465636637353964396531316337313636323339
64336530333136373135396362376165323535313835313162633433343664343233613737643961
30363336616161323561626465633038646564366532613862613033303437316537346132383964
3663
