$ANSIBLE_VAULT;1.1;AES256
61303038646534353036333432613835333735323238316530373131336562333562386236386533
6561666130363834386130363934613261373536386662630a643934376632623962396233666138
64366533333631623136653439376437643239373762646563393063613532666665626637346630
3632306531333133300a383265333864656533343434346637356631343530663035306335613361
33313438363265633964336663653964663435326265656264313931333132393531303866626636
66656463343163303539376161626237653038313036376362633634613066396336396462613764
39363635646638336432323262646361646333343661313638363236373832643934306234626335
38643564623338366534343164386337343435326534353034363239656535303031396363326237
36373266663231616161383637656566383864303362643330633937346334653631643432623938
63306633643338373633396662643564626266313238356438346338316532333837636337636635
65363439383366306434353236613335383761663238333230613631353063613363363131636136
62393039303566303564316234643739623938306131373031316230383337663530343630363739
63306431373830353362623262393632666430326232623239656262626337636161613136336330
37333638653231353361333938373332653361333966616132653534376365623538393631643164
33346364386164306239363439633337303539653336663133393230326239346133306333383764
39376634323839383336333962613738616166326139653262393462633963323133346438366666
39306337343339616665326262393732626136633234323637383632373833393931656337303961
31636161383532356238316436666166326664613266376136363736653664393365313433616461
643136643733323135626630356662346132
