$ANSIBLE_VAULT;1.1;AES256
65303261633062643862336464656338313366616166356561373638303938343238663839306266
6238623037653562383862383063333866383261646430320a396162313766333238626366316335
37666330346461623065633730393234333762336136373332323738383065326637343433646339
3463646534633638360a373835653662316530366563323335323366323336383463393233363562
35616464666632343638633766636239313463613365303137633630333866623835653961333136
64303336623266323937353931356238353661313665646361346664653434343536333837613832
62303231363438633438643765363630373432356664633464363537313562363461306461653936
63353766656230303666666631313538303165363861386463356539643939373735333065653366
63353037353939373832396264646463613035393135363962356237316232306330636166383965
37656536316231653165323063303738663935353263383136373138306435623831306436626339
61613533353635386432636232646165366338346332373239393536326338313263313131643733
62313265656363306232663130363362663936353564356534626637363138316666396333363461
64393932303161623436393030303064366637306634353165396633653237666462383338313964
38383563326538353131663432616237376233653036333364656263363238663532303035646132
64623666353533303766626266643131383834613562656466666632643938623565306263396439
65383936326363346163643334653363623163353561343331323864643162306535306535303862
63376464386633643062613262363232653261646135306232363563313339666265356362326238
37383734366461326666356166653835393965633862353831646435383636656638663432343133
38613938363336323662333034643335303765636661643535346536663339316365623935623634
36316237383537643266
