$ANSIBLE_VAULT;1.1;AES256
38373837363566333235366136666534386264643865376266616565666661613634303830316339
3633646133663437343235343136646532336533623861370a383566316230373663633439346663
35656539326537636132393132616236356561663635373765346331373931306536656435656562
3230626238396437610a333337383432623035656539336432646263383038323738633362373831
33323564303163376333393163613265346339353330313664636662623934336138393063666531
62353734643265653232613430386165623538313663653338313730666339633466343133633537
65666536313432336236666234393638333437323238633837323736646636303639333664333463
36646466363163393839356633373135383833316563326536636362616636396537316635336132
37666466633865323133366565303133313131643236363266633865663936663861396532383731
32636265643161333535636238353564616363386639626361376563353862643461646235376533
66383935653063386261326138313533386238643762356237343334346235316131336230663963
32323662333366333237386361373766336330633564386664373430653533313965333235663336
32303232306633366230326261643963616661323462663531613561656264343765303963343664
39303437363230343732383237633339656666613330313265393733666637303633386638356135
61356632356534346662653066356236346466616534306630343735353839346132636333656661
62393965636464656232393432393163613965346366633635336664323464336461363365393264
63383433303732323139636633613062303331386632636666653463376431383836316136353361
39396638383733616264396265313034643664663433343331646464396564353931353636336263
65626365636464613730613439643834353138346132336531333631323537373136306431613730
39623632636364663131613561323632623434363331663063313338386462656630366264656565
3832
