$ANSIBLE_VAULT;1.1;AES256
65643539383039393561646338353231323939346132636635353236666163643530376133663863
6666383330633832306366656366396330613937343038300a373965643038393362396630643436
66336266336635613032346665633839303932643762303962306664653438393339663839383764
6661663262313866300a363734613734363631383432653739306636336430633033323732373230
31386636366135363166323335636130653439653336383438383139323635663834393434613566
38373866333465343932356633656235646266616330356531303935356162643539393335616363
33646261643539666331653062653664646561343134643761363539613632393138643133643531
31663433396561313932656634663230313436393037383535333430396535356435366638303735
33373431376563373732663565393962333038323739313964363037316462393437346462623963
63316137376662646238633966366262663738623935336332623338303864353066663635643634
32653233386333376165393934386137613237613830383761636661613264313439653262306235
61666664363166323031393337623639643963646437383464666562613664393764373538626133
38326564366134363830306135366235353464613839663636303561393630306462343661643038
61336166616536636430383933326239343136336364623339363666393439663639626335326230
61356536613662653462346466653639346133373433613139663366616631343065396537323937
35626339633762303939623362616462316436366234313136333435653265363763303838653366
64616365363462363266346437336663613564313965643039616235326461653364636630663866
34316639386166323538343733376634333939636638346265373261313035393531393531653734
32616263656537303031303436633234383665633433343736316137333665656238383538313831
35623961663238376431396166366332386662393530363662393631336332306535613638623333
34623361363436316538653139343536323830623366363461663639613662353062613231373366
31653439343635663934363461366663383935383832366364393436383063353966653561636431
33653265313734653337653662336539386134353636383139393730366462616334393734656461
34613135386430313063633531653261653365643538303334363036333535663830323531626338
37363136353334393136646333626135636565656139636562633138643139643365343363643338
31303363386365646435666431636161363732613036616130353064366662616431643431666461
38643537663030373934303939306264316563326436623330613761396463643561653035306132
30623131393339643765396635643032303732383763663461306261663237316663353663306261
66666361306534616637336236386633383234623637316566626364363666376266666263353537
32613135303765663763653133393264653132613035393432326432643038333535326366306539
353433393937653036356561323639326531
