$ANSIBLE_VAULT;1.1;AES256
30386532643731313530343161663136656139363466653665343530393535643864306639356637
6332653135633134633534303636613939393434313733390a613535666335363230636235353238
64303939336539336365663037343135643037386439343162653565623638386432313932646666
3761363635623630650a306535346366303865376233626663373661346533613365656261303266
39323661326339373437626339376336626639643531366364326362333638656535393062646633
39666331316336663531643565333966656563636561326165386365353830393031646361383130
66646535383066386133363532383234646363373038623139346365633430343537353563366261
36356439656133323339376630323463323430373239626233353032663164643036643337646561
35663134646266373435386562343361383664613730643333326239633666313039613366303638
66326361633763373038373838636265323930313335666438666434353337346161333331323830
35643233646564613339383064313231633466333764336331663061386439666433346538366338
37336330383332366133383163376538643064343338653262343334663738386465353037323439
64326539616332326532613635323635386663363663333131383736323737636439666431323064
33633933653032396531343663333739626537646561303632313137623535656361373461346630
35373534393339643232393331306136663136326461383937336334386232653966376535653432
35663437643463396238
