$ANSIBLE_VAULT;1.1;AES256
30376239343635373431633032653764323633396531666661303865326462656438636333313135
6235363732393834313366646435316233616665326634340a613963353066386238313862313632
65336537633937623166346462643232646238313437323662313666373062643130666538323861
6461373737666539360a623165646461653235343061366262376262356366303239653634616533
38613232393061636139396661373936653638353338646439636463323830633232373266376262
66393236353438376362633135373461643238313533336131663631393933646132356261383437
30653963346363366565626561346336646666373461653133636131616433313438646363366433
62316166333638313466353832383931373535323661653038666137623064653833323035653863
66303732613362626136616166626462346231323330303437366566376134336466636366613035
39306563636162386335333366323261363538366437343562653833353234386431383164353161
38663330666139353766656137636361313732366235303837336139653434373063306439363531
36313066326461333063316435343936653834623063353034653532306261646230356563393630
33336462363639646164326331386331616336623234663264326566303965313431393130616365
39633138326336373165356261633364656135303035303733386438376231343033336138646530
30323439333538313532666536653632663132383966326132333530636463656536353034383238
64643337613162646132
