$ANSIBLE_VAULT;1.1;AES256
39306638353637383335323938373135366230393937663862393632363866323933376539613365
3365346636363864383362646238346131666466373033370a313561323662666138616536346666
37396563666431343865353134643231623937363730613763333035643037363634636331613534
3638663539363231330a366137653139383231313262363733363533643163653733663133653962
31666331313130643266363138373165353262353537376363616136356134376238633230353536
31383862333239343938336231396136306238633563356338326631646563633335346337323465
63373765353436363832666562393234613133633935393132376166663264343463343534306636
34376231396337363531336434383563306261353232333130656562333530393865363733326166
39333732316432616638323766346164653639333432643731613735613637643635393366376664
37626366343432643134383932303534383762346638653966353563303931386639363162613563
35303239643036356539356363323732303966643561376161353035363662346236333534326332
63393463323061646364353037336637613932663361636461633233373837376134656431366136
65383639643865626139313131613134663663323562323938333035626239653066323232623861
34363630313533396232356233376263353432303861386436373565393962323865623431346136
61383837623235393631336631386333336535386135346437613736613161316262393035363335
63633030306133333566643838653865383565386462333963323030366238363038633063313563
32383565353832393939306339373436343831643137343234343135643465653063366336326563
62643066633738323238396465373465323962343638316236303764316430396166626361643663
643366663030356136303463386432623637
