$ANSIBLE_VAULT;1.1;AES256
37666565383638653963653161653036613230336464613065653238323436316262663438343061
6262373933366439353539396161653832643035333365320a656238346130343264653037366164
64303463363063343935363436376635616639623566396361333034356135383562636564306664
3666343933653134320a373665303134303934613865396333646531313431626130326337643239
35336331333066616438613466306634376534303038383462663630333834656636646332356336
36363739643533376332393935323463366238383635346433363332396634633736636461306636
31363738383637663462316563313431343031316539623064396365653736386536373765393631
36323261323036613538333762643030353865616138356432316336643765623435333133346531
64393665363139653837663162653062316530656338373064616130356232386332666232376335
66393638306334366235663166393130383530366133623130313132373436643734386666373033
34663661316635616461373663613739303935666535623764363066313437333030363733343464
39643239366666636265333162616265316264393662363137623339313335663734373239326665
62303133393931633332353664633437376338303331343165343836333439633133623862373534
39383863653430393634646130313931376336366536343761316362333063336166353761666165
31626661396334316134316539356162383232656666363366343138646661306365626266386135
65653336356430343232306561333134383861343734643530613561346233313261373936643461
66396232363439306237343031393939373166613038666434383463333830376266353830303938
66666436656533633030636563303230633635656333313063383266303137316337396566326464
38633561663639386538633064373064613230383561353631363538393733373761333463306364
32666164353132376632623533633332386532343636653836353531363735626130383633396261
30366465656131346562343166613961383962613336636166613764663138656539336533636261
31313162386164646534336363363034643061303130643236663533656135366666666566333036
39383164646461313837653066343137613439646164353839663032313430326239303639386465
62346435383633633765383934356162363730343930333235386638346265393234666330373336
63663530356535343139623666633237363131353731616339353961656637303363396635653636
31313466313431666338666538616237626436333036303861356235643439346338353465373537
64363362323934396465626138626539663436313233626338663364323366623863356230613133
37633732326136633835343732396162323562346235343965386665343230356632303534373336
37653838343264633566383836633433656430343134353134653264653863306432383230373430
61646637623630653261663637633532636562383262316437353464656432343966343231363734
373464636630356433643066383262396562
