$ANSIBLE_VAULT;1.1;AES256
64616666373962363230396334343862626134663262366539623537356161613331316532663963
3830653336633166613930633564313232653866336266620a623437353666316530323035626538
65336538316361303361333065356530316237623930666333313635663962373638336232353864
3132656233356234330a653032373238386632663064383435653565383033383263326339393036
66343433633361323438626332363938366434633431353633646336383264653536613832306230
39333061383462633737643263656463356230306664313438653365616463323962643735323833
64623737613236336330636431653337336563613833633065626631336233613464623861613434
62323231633065346638383564363065393262666533366665326236656263333661653439643363
65663039353236396561326230663132363739346366343230666433366433336233383833333532
37613966353635376534366237376130386362333761663863643530616662393339656264346330
66326335393735393937326562383964306538353936376530623637656130663863653033396137
33376533353230643237323430613539386637393738383338666664396332333434373662363264
30643438336538316461656134373132363663393338613361633363666537663066613433626537
38616338616230656261353832353730303066343338326265623230623936396233363931396466
61336532653661393838333038623131653062346331313930623163626632313632346464643761
30303162366364633362
