$ANSIBLE_VAULT;1.1;AES256
32633661346231356130373338666533643761613836623065343237633138663861313465623736
3262323562613061353731643635303634363236363462660a316339306532363262393536626532
39663764613936376335303639336635326536306263663039613462353463343533613864336635
3234666332646232330a316532613663323262376563623839656362656462383765623266623938
37323737333661363639316137653766363531376361323666373430346435626161643430396133
32363733386462323661346531326634656530313362313262353935306464646336613638383634
62346535343562613561376331303531343366383362636636363461613537363334663037313637
33336133316437663738643737343237336436636662333961636462386131653934626234353435
33303234366530376437633963346164343339666262633937653766306436613039656365633735
38336665613730633836383439656464313065613162333265333036353530366433353632306530
64663937653237303037343662613130363632373730333330353137336239383035316262303161
62613535646331663836383861313038383265343733663863613764316533663039626163333866
65663934366132383462383035636137353762356233393764363333326136343665383335636535
35336563323434303366303735636535353962623863353036633937623834623733353437333562
33656363623066343634376230373832353661316563383662666536366138333166366365623131
37643166623138366431313234623833643030366463353164613362343564363664313935633938
61336330393435386238313865373534356337393335656463346466613066363432386630313233
61323863326266626163633566376234653830333062343332383736376263663631656332356136
39336233313738376533663535353536613666623933343062376232623263366537353038346239
64383062646562316237383562633462313864356333306136353462646136643739663133656335
61326631313666663432303734316234626430376334356161636632393730363561653431633736
33663862653731326261386130613361336261353131346664363736393739343033383465643639
61303330376365653335353163306631383133363931316162336231653062386132653039346665
61383063306237393162363235396639343035643364336565396636373734386237633964656366
63646335613965306663623734326234386435333631633263633766333638396431653636313639
62376461323962656133363131616234346130656163393635316434303831313936363263346238
64663933373462663530613839376433663964393565376165376539613364323464343232343739
65616233663736373138346233353237323936396230626265636135323631636633393834346135
66303734353766636135666465373132346433383130306532306535333838376631303334363261
38383434303765616633393231613461366238316133613538613130643464343030623232356464
61316337363932623733336563626234653162636534373133303363623363356238666138363464
39386235623933633564616666366537323036633931346663343934356666613739656432613139
3438
