$ANSIBLE_VAULT;1.1;AES256
64626635303332623330623865303134353631303166656536643164663232306263373830666132
3134343039333762623432613264636366613531623231340a383230656238326364643732313766
65666137656463333437326235323730653364343433363463376430396236653861633539613532
3464643130313561390a666136646166663262306438613038656534336232386465623439363461
64356637623334313564663465373465316539396630633761633432363366623434663634643864
65643666633265376666633032653434336564376238653735323036636336353865633630343132
37343666363865626561363438363163333466616133626365323366633332356464316338366662
39663031656361663338366530623137363664666231303362323935636664643662323137623063
39396133333761353165383433656330643536363536323764303765346633303030666337303563
36376562386436356461336331663563393064613137663738646263313634633631323039626465
35623638393030323031313434353032633964663939373562616531323432313961393439663935
65653034316439646238613431353038383737336331346666303139613938633037303338373065
66326161366636346536613663323461373365356335643035613561616239396463366637386639
63623866336435653665643731326435373131633930366634363763396132366463366435346637
34313762353830616131666162393333386566363936386630303563623930363239616362646237
36333233303738393362663737386436336636356561386538393763366663633161636232653266
62383865376137343439313239373535343364383438373363623131666361613766323739633636
37323935303664613834303239663933623736653161373136343436386130326665306362303163
33646266363330623634386462313632326463646137636362383865363830613433356637333235
37646138633732363161313935373935343265636237633136353165336365316339303538653336
61356535353661613139633338623363333330623665376233336538303230346434313937326537
66356138326438663566356234643661326663323764383639663032383563376136623463663138
66623637363165303830373761626664623633616437393530613231626230326665616262383932
63303266623935333637613838383236306163353964633739346638353932623834646333313032
38326162373263306233666461313436626437636263343064343465633138653964643331316463
66353535613737336438313734336239323561303533343966373937643632373163643863643638
65663034653436383864393731623265386135616136316433306635333531636464643938323164
33666464613637386264323962613536653737633132633162393664613937646532646562646538
31383831323265613962643764613437373963643833613037303538393238376339396435303161
33386139353935316537653864383338353536643438396633316233306566393135383730636266
35393731643063623035623935393961623538393635366464356565613061323430613361653532
36366137323139343966666662653261396165333464346331363937313566626330663332613762
3334
