$ANSIBLE_VAULT;1.1;AES256
37303432373938386461646338653634393239323434636533346363393330323066643639616665
6261626237666661613963376262663166656264623732310a303236323464633864646665376134
34393735616163616539376139383163663034396636646235613637323334306538303466373532
3330383132313931330a346638646564666262353766306461623561633834343763656162623830
39376235643931316665356636346231613664386431613639316532393263316438646362376466
39303761306333303539646239326538653063313933303439303539616535373261313631623430
32333436323032333264646561336436633336363333343733346461663363366230623631313732
62336238323962656366303132623532336265623430363065373366393930326633616134646232
66343532383533643264663063356266636466373363383836373963363462326561376235346537
35643934656634386164616364353836336463323137666334306333396437303962626432343966
34613464326365636165656133616136613232333431336636336130393636663336666138373636
35353732643732363561633930323131646261626435656365366234336436613733333132303630
33326464653535316631623737353766313962626464653635396238643631663030326562383166
36373264626662393533373162623833346337636339353961626139376330663263653631633265
63373063333761343031326535396338323165666337306130623830643236633739383434313432
39303832663535303765333838386233623565616166623333373830653165656130333964346263
31316534336362393663343035633836313864346564373136366631633231333336646232313366
39313234343530333536346532303237386634633430373830656335653933353761353832623535
623663613235386539386235393565353963
