$ANSIBLE_VAULT;1.1;AES256
35343663386234643363613034333438353162386665383133316636313764346364383833343639
3433646639646336303462396137333964393530616135660a313235393831383531643237653564
33333933353731626363623664346430373761643138396264306330313464386631393031326431
6134316664316365630a336431313538643366663633336538646265346436383631343564613732
31333961626634366338333061303864346666323239333331326238623430653130303261643263
65373234343534656466343738643361366266353065313032353834613435373834643762346262
65316265376536353830393138383664333862316261396364643431313363353331393134636337
30326466626664663139393834356139316631306463316631343835613233393935303564383835
37393539653865633236333766336461336332396134643138653563613135626662326236626161
61666339623531666532666666343163353463316337623064303061343437663230366132626661
65336265363135623638366634626365363236303537663434626634343139396637313239613262
38373534323466643539373165666530383264393334613633336462343739633363636266366439
34366233613361396434646663623935623230326563326631633937663561363361356239306136
65666431663062373065353164313936343436663031666431623139313237366262313166383132
62613364353039666135633632646562333231643135373033656437336363343866316634336462
62613735313238316664643039616536313161363263633039646533373863616166333239323764
34356633316433643331633430663862383230643065393035316533653866326563653033663062
31646537336234303130376434313437336462356162656332643434313864393838336465366437
65633835343930313437626530333461383136333963306262363635326663386632373435636336
39613763313530343461
