$ANSIBLE_VAULT;1.1;AES256
63653961336539376461643563666338393235626463386530663861303234336664343062366234
6435633864343038303739646630386131306134336531350a323865353336386563306436613036
30643533353661613635346262343733303366643061326535306433383438653130656639373630
6135323234633464350a393962346561383465316330373036323232643639323236336138373734
30353065646661666639313265663565656437623431646238356562306636623962663835363832
31316535643766663834323631373631353231343865303133383537666266343635636437643032
30373862323538663037376165313430376465396639326635353466306637626366383236383233
33333362356261313630316239396630646235653664396337653133316330306364316236303561
34633139643433386266666361373535653036333136373432363530393638373031316265343638
61363030653839353162383338656337366664333661333063386365383834306564373838346235
33306535373034653633323530623864306365346233303364353030383239333262393033393731
61653965343562633230613961616139336166316130666337633165306463353937633939616433
65376534363131326664336337303336343064336331393464663534386663633633636435613664
31653133396534656361313362326331623538356265336132363634633464626365643134303931
65626662303939303434346637646533633234323137653461653164613330376336616336616664
61313362303662616366
