$ANSIBLE_VAULT;1.1;AES256
31616564656266313637363861663235666236616539343133623865646335363839626265613139
3861356232643333383338623361326666653630326338350a646465353430313236663536303235
39363537623064656234643135303434643364366231636465386361373334396537616363613431
3439623165663332630a343037303866396433343466383837666565363834306663343535333631
31346132306636663733393963393831343061303134303635346231666265386664613561333437
37656563316161313037613936613561396333613735636466333666313466356437393337653536
64393137663566613237646566386366623733366464663762313530656266613263383034313265
64666639363263376631393935633730616438353134393336646635663138663734366165333334
34303761663366356231656461633662376235363936393135663032626230323834356137383430
30616361656231383663333231396332613565323336356631626435353763316162353161366566
32623565666534303965613933363737306663623064303737303339306235323830363132623434
35666434343064356136623266303539393430656261633931316534323239343136376334666636
64643730616633643130306439666264383730653933663237336234356430376161646331613831
30313436666266393032633237383163336237306165343239633364316661623463666335616364
34626265616535326561353163623061383637313662653634366262396538336531326333666462
31326336313835383264
