$ANSIBLE_VAULT;1.1;AES256
65363832656138306133386636646537313432353166376438353365386131653465646436363662
3866303164376236353461373666363933636462336130360a633765626638643364653131383066
39333664356630626562393765396561303632663764333130653939333339393166636563323134
3734326132663663340a636365373330333565323631666331653463396437373064333662386335
63616330326164313432653632333863616331303032616633373061376433343039396338396666
35653263313830616663633466303264383937346365666361623033396464616332326131633965
33396635663364313233623066393231343766303066356563313537313534303133616536623737
37343566353037393431646264313836363337656131383432343639333865376631616134646233
64376262643137366466393131356432643335636235346134376662616530613963373062643762
64306361643763653133383334313532373239633334353933626362366662376133643635303130
39376433633766306535633933666133353333653461323033363264303937636464396330636633
63363066643130626638343731306139613664306334633634353632643861376662653836386666
37616230663164393666393362633033393138623136323537313430333361326164653865376339
66646237363033333630326636356239363866386162326365376662633465616637383933653538
65656561383363623861353336313634306533626238393463653362363030396637656465363231
64653639396231333562633061393432396239313933313933386238633332663332646332373731
63353233383966396566666438373235336365343333326330613739613565326366653435633336
34353030316136366633376265343739313831646361623065373932386465303934336638346464
39623934346464663061333761366364303666356161656561646463613065386665613831346432
37366164383865656265626538386531663263613462636163623938386538333331383530613030
34333732373938303339303564386635333038313161386563366132333232643762343934616537
61646233643232656534383635633865313166663034633431656339366535313230363231653665
32316135373139633736386636383739333534613430376135346330393938303334306464666361
64623062323636373061303736373463373433333061663732343830306236653461323130323461
33343439653139343265313530646636383466643030623262313534356531323633613766393335
62623837636362373331303434623730623736333765623961653739656335316533616531363262
33386265396638346134653136666230626265653663623263313132313636333034396634366438
32633730323364613437303764653436623438663666663031343532633965303034623833373239
35313134666463313262343535656337343239613537653161643931666634646630383932346436
38343561623038376165383165373336373238326238343939383638383964303164316138323664
62663739343136633665346134373533313862343834333936396138363731333534316637316262
30393262313932376232306463333063663539636232316435383630393239646363313966396666
6565
