$ANSIBLE_VAULT;1.1;AES256
31326163376633643730616361343431643730303935336264326431363565376237333633336233
6566316130623963333131653665386135626639623961640a343662626231666238363866626563
61313832363435636366303434313361333133383935623666366633346239343632386634383263
6233313837393535320a636532366366663136623361633864626237313234316136393434653235
61663630623934396533613132663161313465303463633066613666366133303061366365656634
66363861653531633332383762653565333832636538623438303434623964376466663562363737
35356633316663633366613264616563373561393436633031626335356136303162623965333530
38393736323665626338353462343432663137613035663730303763336639306137306236306365
30623139303063353333393738313163353733653134663366616361653365363032323536346365
61623238376461363736376137326232656535363364373363303134323936653135373936373936
38376664373564383166386132656237643637313334306332306131303531646335326164343538
34636339623939643832623431633038633535613138323534336435366464393965386564363664
64313334326137363238633761613162323538363230303238383163393733316333656136663839
64396265373366346462356439366230316337356334646535356132653235613631313961353236
32666133313731656138313864386662376134383962613332386238343234663262663435393266
32623961356566633564666334633930393938383563326639363936396136616538343536343834
30663138633034613236383230383239666666613234656138353834333636373833363335626439
34376639313433623933616432393561356163616535636266313038336133623964653532666461
37306538363561663232666439646363613838633363353436346666346461633664623763363836
32333233323136373736343335383766306165346262646661366333383537366638306661633638
6461
