$ANSIBLE_VAULT;1.1;AES256
66666339333630623135393963646364616563616365366634373366313830623265366564303561
3530323839316430383661356237316563633734363632390a623063623039313831306635386664
62383765306530656236383132383934656363383232333364333932623831636239393961326239
6264303466353464650a393461393033636132386663653837356134336264306230353536333437
61653731363239633331316264313561653561333935353861316135356537663865653965613035
62366335633039613362613564333664613833623561343833336637623661393433383263653333
35633737303635356137643935636336643365346230363463653031326133386538613037316639
33343266346639396337303434613633316433363862303838633837323438396339393130636336
37386365636362343134643131666133313537396438653361303434383465373966336238363565
61346539333738323164663839396161643834643237306232346135316232663565666131623665
38623633396662653464363066306564353232353439623361323561646133633230616633386662
31366630663839333932326233363834336664333035613839663761393336636232346564633538
39666265303138353034343933626566393963613835393365623035623432376435643363383561
35613031343139316533303262613139333737633065313832356233633162343733656564313735
63656166363138623237303131643931633866343832663938303039316465333365333661646538
37623766663730323861313663653931366334326334353930646232323132383633303933386635
65646133636137313864623637313730373139393439623262616365633933333933376664613330
65656636373565643934363064616634643964383831633134333231616561386130366361373232
353761306131393931306130373339373166
