$ANSIBLE_VAULT;1.1;AES256
30316530303066313339323830396335656435656635343033356664333534343131363661663838
3664336337353336666131343535353232356266373937330a383966333436636332616565633234
30363061656162643162613836363433376461643564656231346333333234316366663865343537
6332343563383764370a386439366537653739666138306135356561366463653464363931346362
62316562383966303034323230386564393533333332613838623834393363346430616430316631
38613363376265613939303236383862626130333833663433363461363562363130613064613862
61366435356137616561326231363336616431386231393632616563373632386161326432323131
37353533663835363132613535636531616336366466383761646632636263353437623132376462
62303537366130333461336232646330633935383134383764653065326131646133646132663238
66653666663065356334386664303666633066636665353237363438333962343361366162636432
36393161643361303433386639316133666534626633666431663534333233636231626266306539
38393161323261616666333037383033663830626333353038376562326539626462363262623261
31323262396362376462313535303339653732373032383539366134373763643431343537373864
65373863653661333037643731366337393136303265633761326235613638613266656236646663
36373862363230633135333338663734343238663836363233393836346331323062306461656435
39663939646330383530
