$ANSIBLE_VAULT;1.1;AES256
37383663663732663533343435383661383533333038326438626233346164326130623836613731
6663663564653030623233666564306363346134383562660a383033373131613265613637633136
37653237386363353866366564316265646539363232306166613238646538336534643165373735
3130623263343839300a643033383434303432363238353239666463616637303432613033376539
66323937666239626132383861393662343533323464383630323566306236653161363466303961
30323833306632323864663230666466393664666439643063666330383464396262633266396138
61343233643163636661343264393332616131656161643739366565633834316631323265363835
39613830383032613432333932376361306337336632343164663265396663666339346437633830
63636538323830346131306238396465653838613137363363393033663838303636666630316133
65656464663636343633336337666630656333363435343333306531326364613333313638363037
64633262363031343265383031353262383366626538663366393463343732666164393932316262
34313532336139343764653964303637343362346639623232356132303331313135643338363036
39336233313730343537653261336135663532323132373139613031653430323737386239363562
66383239346337633265616536383638663531633362393439353131323832303563353463303831
35613736343037643861363637343231383761363039663335353633313434663661623363623131
33653264383665353036386465336639326231346136393736643461373837653637353161386235
62313639333638396330316634626539366663316461656532393464313463336138313838323932
63363837356337373232633230656136366663643131623764636530663161613035343736366163
38356333343066336236303238336362666134656332353235623762653831663433386135326464
63353730313362623934
