$ANSIBLE_VAULT;1.1;AES256
35396334373664353239623534616263393634343033303865383034363037343437363433303463
3633646633616239316431643262373631393430353032620a373831313834333962366332326366
65396365623364646561363766633365383861663231356234636539623765653636376166396134
3837356538373434310a663164383732633965313637663661393335656635633365313666363236
38656366333332653734393265653338306264356437386434393162323266346635363661363736
31313261616366306435626330383966376637396537323334633733376364383533666131303363
64396331383765313735343135393432393465303331613431633438326137343837336663393439
30336334363632346433366261643837643831393962613161366532316264633636646666623437
31353230653334396330363237663261303966616233323963343635373063653233393565343338
39336564653830623666326631623365646437643263663566613535376463373166366635376435
64353433623037326565363831626434326666356662613130366435393630386336333065303266
62613531373031386162
