$ANSIBLE_VAULT;1.1;AES256
63333331646634363835326438353137633063393636366532333362373439373666343639303030
6435363633373938343735623765393564646635303638370a326463613639373531623634353961
66636162363461393337343266303432323634343463353362613933326232303136626161316265
3330306263303330630a633961363631366437633063636564653933396139633065323934313530
64663162626238353733633163613933666639663236386135663632333261343434383435383930
33353436353166626331363738353963336136626431303139346264643231353230396634623562
62343865363865353133366130663234313137393565306437373539666161303465356637393337
36306431313832363966363733383535666638316336376431366530396161383762653238353232
30373033343563383062613236383461336665353563396538393330613939323262613438666461
38616533373064663666613333316464363438386462396538656433373135633535373630366462
35613432363863343931656433373631383832383836353032313464316231336537336464343464
30303234666432616533366662396564626438343465613762323432663936303630333735613236
30643331306131313465323932306364653039613639386661643265353133333639376430653938
63343639313164316536623531383337313232376162653864333066663166363162623234316632
34373536306461393866353337366566353432313363346638336237623366313035366465346563
39383332626136616334373936663864383330396239393039396532666261633938393066363966
62373064396463623634356665343561303365373936653231376338623966303439333937366230
65363161383566663035313332623263623331643566306436386431386238313131396435643166
393032653331666339626335303964643231
