$ANSIBLE_VAULT;1.1;AES256
66343537663638383665333335616665666131386339646439393833313530353736393738616437
6466626361303433346536336130383766353939633262650a656639613965313831656632386634
38383762363564363065326133313232336662383232363734386335333430373661663739633838
3938386166613465300a343633333539303332393934633030316433633564363163633038323062
63346230336335333139373035353237653962353832636639303236323939663764646538666261
37363638326439653761333561376133393662333832363237356565333362626137386562623337
66393064393032646363373532326335636466316332343566313032376661306165656563663332
33343936383235613366636639353936383031396334616436323436613634376133343762353931
32663934626639366565343365666561343230363564663166613030316462313438353362633062
30643431646263373731313438373234346135303766626664656161663565383066373066343839
38323031363461656238333638636632613731633561613630303266356238356534633933363132
66653661356135666139653132656565616336343139656335376337653233393239636263326662
63393862663137353830316637383238383266383434373637383263316539373037623437323435
33303566366161656532333434323338653136373065623265633763346236653436656232323436
38663534653763643564623230346332353334363939663463376465303665656233346534613836
63373163333330376265
