$ANSIBLE_VAULT;1.1;AES256
31663138643835383565646130313762316334613462326163386539633039643335326330646464
3133393437333638353765373335656430303034326536390a663661313731653665656232636265
30663739356338636364363635313539393632313834626266396562623037646161636633616365
6533666666636134650a613261386561386337333964623162386435333961313232366437396162
36373939393463636233316630303137336539353635653537353165653232656364303465396332
32373834306365646231663133383664323762373035323933323765326431323364656565306539
35353132323562323138386661623866663865363662396334623563633336653464366531643766
30376630356234653361613039316363646239303365653632646639393336346339663865656366
34363564316538323835366231376435366535343237363862623561656531383537353139303339
30646232613139383162646338656339313637346239613038343031313030613663346436313434
36646337303634373035663630353234306365656637383265623035343565623865613264383636
63643536323961343665613761333034633633373235663339326532626164376539313933303264
64353238393634633465303863333931633466306438313263376663363063313832663032303438
37366538663462653938303437323038626637323665626563626534313130643336343236626430
33656631396266646238353739373735636565396663393365376436613630653238613035633066
66626133616532363064323861316564303331323761363033373661373563636562633162383364
32386338396266333635353238353765333939653161633836303938343038666632313538623835
63333031383237616435386664336162616438353132333836336431613936666664333632323238
65623930623261643066376362393832663939336139313966306434393830666464373263626264
35626131303231346333
