$ANSIBLE_VAULT;1.1;AES256
32306336376236386563303938366337383364383635396363323532613130373864623764386535
3438363236333239336263393033366462613261393530300a663062633034363066343938346339
61356430346663646231333064653030316336363532343861343338633535373631653736303463
6162373335343535620a343738373961383265373836393234376335653638383236646239383039
31393238386663323861393730373430653865623361393664643836663133626235383161613561
61393432373232643765373162383030613664343163653362323439613630623166373036386533
62346666613334343061363936363865366332663237376135353637653239623362313462623931
35373337666234316464373730623262656637323636623933383431613130363034393962313737
36323566393861303733653539396431363033333238343535356339303133613934363638633964
64633465353035373533353332646339323765626161613135616131313665373539343632333732
36326239626430373037316562343466306661653035623638383865646237663431666333363163
38393766366230656134303266343266353933363435333065643165653232636138666465643065
33633666666634656362313732663762633736643366373463363535316238336562333234373061
30393137356234666232613065353135623361373832636335636235653566623035613233623166
35376431333939613563653435353561376662613535633665356236623236333534643837363662
31376134383136303464
