$ANSIBLE_VAULT;1.1;AES256
65643261653135316235396236333461613230623465396466353864376164666535646239323431
3765316561366231316362326233393039383635336266370a356636326431653331636661303532
62346161323839323465613564316633396134393932653662313634633131643261613534623163
3236626563313864650a666430393737356264323664346234326639383063633338393035633264
35623966373831306133366231353934633436623537666131656331393835396534363730383265
61396261303066383331646134633531646239663365646233306366346432636630663935386532
34356663643062313630353830363836303338336532363431323834313338653032353933306130
33323536313337396338363866363835306432323865633765646334653061346631326331613035
62623831306163316431353031666234646336316537323166316237356261323539623332653035
63643338303434313333316234343839663362613362646337343436663038323738303336316134
38356433613866366562383564386432346464353033666262343531666335326663623038386561
34653161383731643930396137353661323663383737316465656231356362613761343932613665
38373239643438623462366635333837636539656165326364653330363934623264626639363630
64656235343363383537633561373733656262656465623037393433316130656134306466633262
35343836353235353130643265386366323835303933303932383061623964306165633235353834
31316262653639393761
