$ANSIBLE_VAULT;1.1;AES256
64333062323138333863343863653439383264656632353131393337666262643930663636386363
6639356239653630636464316663623531383662386464650a613438616337346562663230643165
30393939653832346238333332333639653335653932343465346131386336383437326338366631
3236363034366635350a613865333239353832343462363837376133616333623961303165313934
64353461316665336162306339363062636461326465313866306438656362303166633334313864
34313835333531383536613533323465343731343236313562656164646131313537326531653434
64383539313862656437643930616535613864313062313238313331363961613630303564363936
35616134343735653664303563663839366237386237393464613662633136326635366435363530
61386232613732656534636334313738653366363131303663363239326230323936346664613334
62366332623836366130663763396663323565316134356465386432326635336434656433376664
39393038313531316464336666636364636365323762616466316535326634323539363262303931
34386536366138306336633838386236336461316137653032633130396561383333333632626262
61383130643335326539333134356661666664393661633165323531643036646137623434303437
62353665656433356263306438356436663932366338633866353337336233326137376337613263
31623035323137323333656232306361353239393739363636356465303936343161663239343264
32386438636163373562346138646362343038366430343037313837333231353164343464306134
38333031393333633063393766366664363837366633373232373734656164646134353031356362
65386266643762366566326432633439346637306463323132376636333833366630376464316433
65393361313664366661393531333237343437376164373536326631653732636465386361313336
66343931303563343136
