$ANSIBLE_VAULT;1.1;AES256
64373835373837376332663136343363346338306532376564333964613333613236363961306632
3431613839623039326463663738653736643763316536620a616566626663323332623932393265
34393437616436326563303939383938616139633064663462633864343165633038343661396139
3539376463306530320a313335383865343830616332346538303863646432613633646265666434
39306433313264376539363836356335393465303431393434333965306464373333373866376562
37333535313834396333306262353339323562663139623330326138633233346131303364326438
33383266613837343462366161353765656164343239343933626537343733616137383739393363
39376237363537393833313530383366376664633062653966346232613033376463306664313364
62613930363630316564623064643235383438653433653864643566613763356133303337316230
37653836326261643035373835653238643663656164313564383831306561643162356361363931
63303362333063366163653635643536643063653733616665666134636633653532643066303732
38343364616462363762396638303733373865643164326630363862333234346534326237393937
31626463653531323061346438383061343238393761303333383932623365376262353963663833
64393463386533613230346261663330653863643930643938356262346165643864383936623634
38633331376265633234373031383631613161303739323634643464316364316461646433353561
39393662313262386436646132383830383266643838646365633162353833313339353562653939
33336664363566323365626235653064306237666132666238653663363639366663663233393434
66336566663166636437343439333036303365353631313165333835303630616363303932653865
34396430663437326633303433663431393764396537623332346639353362663064303766303730
62303033313833316436
