$ANSIBLE_VAULT;1.1;AES256
34333865346266353436333364323236396334636362326633373834393231616633663238333464
3533636362643663356361383532653335626333323437300a326164336663653036393463363039
64356230366635636630393339393838386566386362643162313230346135643534313934643538
3462306338626664330a333364623965353831343466646462363033393033333035626232386430
32396135663762623965623038356133393634383162636561313438623637633337353762656466
32376464613062343037663033333562356136396534353237323563616137666631623136376462
37666264333361633738316534393038393938333938653162386538383937356163623136616163
33376434346434353530366362626665356335643032393964363330326266333762366232653464
36333966653365333832343533303937653063626231643463633263306538346531353561366337
38343563653038663233333637633763346533393932633734666636313833636265386638643632
33303664613365643964636437626332346461653662653162393730386638613862396531613031
37613166663030346466653438633535316265616333346636376463326166663736323833336134
63663837373063633830313233326431383538333461353832316163643437383637343161376138
31656164353666663139636364373332643566623566343739383764316538366531666634303562
32343235633861663837333465653666336163303530353264336534323134633763323435646139
37336232376266633163653733303865323434643737366135313634376434376263663833373639
65636263326335616333303633356136373335646362663035323536633666646334626532653639
30323635643131643935343734396464643333326166633539363431353934626430313262633132
333763356434323763633133616166373939
