$ANSIBLE_VAULT;1.1;AES256
66373036663232353839396237363434316462633738666465653731326339393330393132376666
6636656636356466373236313661326664363139306238610a323733653563626432643333333661
32363363396634616438306336616435613661326661663131643738353036343133383462613533
3266393166386532610a663334653436343738366332306362363064643536386266323063363437
32666264613561383835343231363435386531373830363739363961333266343138656165343333
62383732363130313334313261656366366362316465383461303336383662353933376231316566
66386431356661623938336366636165363464386638303538303761656431643836623639326661
65626432386265383032316434333462383761636533363137663831613561373732623064636233
32613832393733653466303936366635333937343932616564636465356638393437633133336565
34323238333863373936626538656233323765363533616631646265353938653861383166353434
39333134363139646134323637373437303766643464353262363434316330663662336363333935
38656163623930653736616430373564316239653933656536366239653662343137616135336364
37303961356666306434343930663864636661613231303231643739643334316165356433333036
63643530333430363930353562616161343830323736613664316164353465313733616361383534
66336566643433313336323337373239306563653434393539613765353839316563373935376235
34373830353034313336623331643435656433333734663461316439333764646462626461353931
66643863633063316164666665396535306561643036313339326561323665363564373037303364
31333138333666323465356631343464323965373038666537386437306330376462363562313833
64393230623561326637633939326463376261323262653061663462613335616537633932393034
36343962346664643138
