$ANSIBLE_VAULT;1.1;AES256
33386337323232626235393437313766303932396462306362373534303666383031353838613166
3034376135646137393465666536366536323634663836380a646134616666353637383534666161
62363131393138326163333731386437616465336132663162623537643632656239646435306530
3663336436343832320a303165363765383334303738356636353939393535323435626434643834
32663364616337343337646238623265353036636230346239323039666466346564393431333066
64386532373935326663346165646634383336653338373935313064326437333836373234633535
33343765313236386539343638323534363236356630333861613836656438636634616462326437
62306365396132363230383561343862346234343563323363396638336137376131316637346465
63653437616537356666633832613637306665636333326338363362366435353137396139343061
37656232636264313662613263653038373131323065653930386430646136353931356463646431
32313539306361666363336638316631383236653962333363333734376164313534323931396332
63643261633334666263396330383131616138353930313933316332333134383533653961363462
37663464323232333034363263323733353138363463336138346135613639363237363730633635
33363133363536643435303436323633366165316561396464313962356431366361386631326165
33643430383563663763633830383333346536353135396463636531643966353832666161363737
37663630323835323337
