$ANSIBLE_VAULT;1.1;AES256
64316438363838363766326465633837363763633936646134613365633238623335333135633864
6635616163386530313836303261643934653433366330350a363062383634386238333431386264
36643063613539643736306236633931636430396661666338333530386262633933373238343339
6632303431653233340a633935633433633366356332303839636139316533326265303033346638
62373632383031363833366439343036363438353837323463373739356262336637623964626266
66623861613461396131386332366638363635376165386231626430663165643662376461313331
30393932356365373464323630356131313536316164623331623366633066653436376466616436
61636430306534663038656134376334303236323138633834383430376134636233376337393430
39323364336332303631343837383136303734383137623464383431656264373961653862393565
63386132393763613965386139666633323436393739323463393837636438346364613533383862
64613562653537613866396238363634396233353532666563663166393037353064653866333866
31623339333665666266363836643039396431363839353437356639613837383232376466383765
37336463306434386433373463356365646664643931623336373638353663393261393764613234
33623037336135303763636336666634663137626630346633613433356166363139373666383163
62353338323638643163323932393764636230396366376561343966613762393236386331663462
38633430336534306261653330346262623031386531316434373634613434366234656439373735
32633863643961666135373130616436656335643332393965316337333337373731653335393732
66316135303466383031623464643466626163663438333536393733646534383037346465653663
31646439633261353931646630363566373133616131643262303262613366623836353535373531
61666261396333313638
