$ANSIBLE_VAULT;1.1;AES256
30353966323662303662393331383435653533653332653436316230613563353663643630666264
3731376632616366353361623766653666393165353561660a653135613231613966373864313733
36636635633964336536363062316363666461343538316261323963373131656337336430353163
3736323130316262340a306163343536663734646637383164383765653633323031626161346265
33333936623738306531366237383435393662343165316662376366376265613861353737636635
63306136393862336164313462366537313338326439386164373330666238333063643130393136
30613735396233633830386635373262656635303237633931333561353563633366643230303439
62343661306232623239383730303832313765636532376130636637663934323532383830656665
30333436303033303030383731373235323637376530666463663830623136613930663266373465
34666137336234633837303261376666383132663163653437373461343832326538333264343162
36623536643763613430343937626636356661613763366166666464356665356232626631343934
35366335636231373937373965333035396635333566303136343431663536353130613434393437
61653264396265626336616163303436646538343066633266323139373838303437383131363137
61373962643732333661363434373662323039393066393439346132383430613663626135343333
65373036336336346531656563643731313032656139613138366333316637643832393134653765
66373963666666633763326166623964373666303732366165313866663063303463653966633932
66623762326465626438356433326166623739633461326338363434656139303430386137333365
65306238376365353039616562623664386435393738643238633738376363386432633430666663
31333030646662656139653865363862633566303861653764323530383033346364653634316430
61666535313937376239653439656334623830313136323137613731323939313639363136633333
3864
