$ANSIBLE_VAULT;1.1;AES256
37626236386533363737323663316463333563386638343636636266376633303165346561373466
3133313631636264376536633962623939373537303335320a666366353933326133653732636364
38386338623265646637366663363562396236353564333833323631373130316433656163323533
3537613830346530380a316563623763393539373433346337376266336233343261623938626637
61613732386664313966396566383863396137356639343563636565653762323763316533663234
61333831333033666136646431613662326232636638356663633636386465323063386134383163
63343663393131383066623730353961356261656566373535616262336165343561383731346264
35316664616233353738643133313564313664323465636139383334656136376563383665323131
62353463636135356337356161366438313534383134663639373465363130326364656437313730
33393562313839623431376139643065333461313762616238636439623163616230333462653763
66633337616434396331396233346465373630643037613661313230363232376466616632666235
31663764613330313334666535386364663033616261353332383166383632323236666633363166
39633963316132613634353934383532306663323262326336656432666263386266633761376431
36373734646237326332346261333965313533633735333536303566356334613865333264633336
65323038363364303830356430336238623635323234366238333435373135376666326131356338
62663531353934626464
