$ANSIBLE_VAULT;1.1;AES256
34316665663765656130303032626431613130633739613837663739363266396566643564313134
3737303933303162353334663433646261316632313335630a353137633333303664336339316266
36386532343830636439333332373539323262643938303833643266643366356636623431363066
6138336462393232380a633631326532663564393764653230626237303063623636366564626439
61313038333032336264396232303435633233633763623131646666333234306430323435646130
32613334333164336636316562363236376431666366653838666639643238303462646564613665
66363965313465616661366635656264313538343261666663656364636665646161396135326132
36383165313634353363663634333534653766616462363632663162356134303264303231343439
61663037636138313233316339346337646132393936666161653432646163363963656432313537
61326339316666336538303164643633386538383164623037353234356135323334346237653436
33323431383966646138333063333634343333616132376633326332333830313062356130396462
32653930623165376234666530373061393537393564343839666466393561633936376337376434
62376338376232353139643831353330376264353738313339393339396534666331393864303861
63613138303738663865313837383665393762316263323766663437616537303730326339333733
61626132353634323739616230613439656164643963313464396465656564333566663864386162
35633333656364313536666431393631366133383962333763343164376362323135613034386138
61343433306464626464333363326538303762316336383232333934643833626534333862623066
38303039613834386562373933396565316235336134336236346337633832313334623463643139
30623461313962613432323464323634626635363834373362303530316164333461356537376332
61633335303232303066633161633561666630636435323262333932343162343661326336643366
3735
