$ANSIBLE_VAULT;1.1;AES256
39376233366430666534336233386337343862313739653033653833363430346361333537376531
3135663637343033643936313839323831666262363233320a313932363066353665323039346465
33366162333631366161376164656336643461656334663138336566306333383063393032663837
3063396537376630650a643433316434653931363736306365306137396331343166633765616462
61633635306438316366363030346464663939653162373837393238643432343039363231366665
39393132323162386639633535343134353264663732376435383861643031656437656264646132
62656233393162353630626130363538396633343931623032306566633733386538383637336636
63336166396130376261323665656634346237326533613262343934316437346539363339396439
62653537633361323332323038383231383138636265363439333231373030323265353864663536
65313230613536636631303462646131383733633733653064383663323633343630343537386637
64363362386239396339636337653232636465386261336539636633343565626365643531316336
61356636346463376238653738343735326433343539323261353063363030393437383462393465
61636139373261626465303036303264333334373863373935313130633139323434346534376237
63336130363235663063303965633165353935643833663264363133613134353533303539633239
38376266303537616237353831663537343263313237396237323336366563666231613532393731
37353463303363666233356562616663393632383465373166353330353839343134396332666536
30636131323438656162653338306366656539636361613939666439336237386334663966323831
36393631373635653863616263623062383761393266373434396430396136613336326365643166
36313564636131636434306466346634336662626462336136386663353936623762366233636563
33663835646136663865386265626435353765346462336232323263616436376266656162333933
3764
