$ANSIBLE_VAULT;1.1;AES256
66653932383064653639643063633632323430363961613831376432313237356330623838386330
6465643364616166336534663532363930333737393662660a346531393034343036663765316533
33363763353432343831326364343335383533376230383131616564343832636536346636353765
3630646661393335310a356235343563313930333031316532343561663866666464396631313362
37616531336631646537396166353937376534376465323636303939623234666166386232306264
38643862633965616635373835306362643666383339376633393062393332383135656165363030
37643338656530316436353839643235353565353934303332613832653464613135623564333031
61646639386437643530633761323164306131623763303835643730623766393063363532643463
38336165343863366266303261393230313834313532376261656431393936626363636663646237
36663466653335376230373131383531393362396139323866303539653065613733393038373862
62333266306237633235336566326338393063326637306263363037373364636238316663646132
64643638656164313739616431303765393335633738396361323135353134623337353138386636
30373763363965323166383134363433656438663436626264623265353139366466363431663465
39373833333632353330623830636164346264383761643763313262306435663830393030623734
39363661383936316635656435633366353564653134646630396534313736626265376330303362
33613238383031316431
