$ANSIBLE_VAULT;1.1;AES256
34303365636639333131303632383332336538383062363338653933613339663939653031313934
3731343732363131663236393132323066353630653661350a663865666532633265363934333634
61613536613766623563336438656236376633313531373931336633393735323663643366626530
3530303239363830610a633064333365663037373339393636303832316537303266336161363332
62373365623562663033653164343263643663323962396466376462343631373834653632666130
32613139616165653337333164363630323464313666353638343635643336386237326636623563
62656532373966396362383331313031343738366332653761346238633863353561343036336136
34613937353039633830363836613138653938633334623765643266363361386465333164336234
32363238373436396466633861663831373735326239613261303236373462626633656435343263
62333262616430643564366461643837646435613134316465653962343263346531326335326462
36383734323335326663326438323163313362373635623164363065376332613335346163626639
61636532303834633631626665386361656561313366623037343461386563666639333039633339
36386231653536626632343438343763363664333230353166646462373533383239363665383166
38343934613066356232663937653866346439323463376263373033303634623233386363346234
37396537356138353763313430386366383933336433323766363238353434623332646631363162
32393362653166613637656538386533346332326238663330636466376636373530633332316638
30333062643337666535306166386265306663326564363134356564396238373062383133656336
31313531663762343139656135353933336631633732386338646136633332656663316161626232
36343631633862663562353535303338353537636165326365303930376436646138643436303731
33313132633135336665
