$ANSIBLE_VAULT;1.1;AES256
34356632623762363663306537303562353934333964653537343936663131353762363434343531
3066333736643866346362646664653430653961613161360a396534333830353961383765386463
66656666393139346565323663356663346531333430333338663163366230333431666632323439
3965663238616530330a666232323734653633386464663862313266366363393631393462623434
31393438626563653261396338666534656364323139376235333531313261333436646633323439
63613535363266376232373966333265396466653839336465633737323061633731656334626439
62633931373239346264313332666334646534303730313161316666373963386265316133366236
64316339623930646265316364663262363136386364316339306634306433626633396539323837
38643733326632376331663333663039376533343866613134303839386361666133663166373164
62633361316631663961643234346335306332336366636163633662393536643630643435366464
62643137396264343037626636343365393066393831373732643631333239323133633966613032
32336363373838636432663537663435366231386566663161663231616566353131393261306634
31323737316233616635373963346261643664313266666461613239373335353736666463393761
65316535626666653130623234613865376665313133363330663333383262363866316535323736
30663133356436386130636363393965373036303061653536383265313439376435373664656662
32373738343563646465323434383765633964626631363238383662323566656338653463383432
66323466643937393036373137363435353233316465346535353035333338353162303066663638
33353863366333613833313039373432363563333035346132316239363532326334353834383164
313338666262396332363661616134323936
