$ANSIBLE_VAULT;1.1;AES256
31613139343632613234666438383135343463623430323038323666306162306166613765356631
6138666566383039396561383333656139633063333435300a626333313238396337316365636233
37396236343533366461333036333639396166333036313162636632636130646165316337663164
6431653232656664330a636666313634643566383131343336333533316131623065323065613230
33623633653137653663316566613963613232633634393234623534353235613534663535646663
35656237636266343361336539353031356465346463646262623531616230353362306162346564
38386434613862376434663135373962653663636463383438323030653836666138376361326532
64646166356633626337303234653931353734613337643661316666333832326263336235353361
65323238646463396561366561303263383631373338333165653434616338653038666336616666
66313234313331306662663334393937656439643033353135363134366434663262306564653362
33306365616131366666303637346538366635653530313338383763323734366265623939396130
31323839386666626338303661396262333565333739613561616533323839623166343062633537
30373633306534633730313837303065626462343836383664623162626130386138386563616139
39313231376233653930376532396438613731333666633837666430333232636437393666636661
30613062666430653032306533323430626265633765643164623135343539383163623933303338
66663137353161613234
