$ANSIBLE_VAULT;1.1;AES256
31323465616433643237346531666235313865643932613133303062666530336232363463616430
3061316161643063363536306265343235393462613565350a333465613637626265333362306532
64643861343263646165346436646637363862336333343765636634613566653033643166363437
3962663164353634630a633766656333313562343833653663613965366634383565643262646332
38623331666437653335633766303964383665343465393230353161333064396162336564613438
65656662346433623035363466363238323363326537323538396336346163613766393338636538
66306133396162653137663861343166366163646530343066313838636137393966623435613130
35643339323763396564386632383163333136623530366335346131363261613532323736386533
63386438343065623432333034613031353631396135623863636433663765343165356265656261
33373736383365306236376266353637326564616637346665353965623639346538343933396266
32653837363966373136643765393439316432623439373330346262656336613134613765333363
36643861616331643434383632653439353533303939363562333739643632633363666635363232
64343561633762643139646663646134323462616339393734336139616433613235393336343735
62306566323831646565366433383338343837666162326237323063333762393962663736383937
65353239636331353664623134643564323966643337643338306134636536366331366237306463
36623539623537396431336136376562373963343534396133663066333665613863383765363230
33386633336236396565633163626436363865633430363435336133343032346433393534333536
36386164656262636264643266636362323730336532373930303337646465303037316331656538
39663465613239396434363031356466663963353730366133346231643135623233336439363961
38303238356230336132
