$ANSIBLE_VAULT;1.1;AES256
63363837643762323362306534643238666334646166616232323838653830303038333763376162
6164323866323734313638356662636532323030626261380a333530393537613165316162643562
64386335343231353636643531663137383230373534383031393137373934333436643161306265
6139666461316161660a386663333335376139653539306561363335623062353364316635396437
36333834633539326338366362323431396432396635623862643762386162373564643561386265
62623939323561666332656361326162646666633330626562326465616664373237663262313034
65333836643939636661333264656438313934386163383638326236323566326436643865623130
64613336396466643339373037383465393531636566336439356635323635376663303238366139
63643635343036616138643638666566613366653561393639383965393431666363626636613163
63386566336633363238383932396163643362613936663763613666383631316436303732626231
64303765616462373639383135316436656233653037633365653630313333333065383133376162
33333532333661346531653061626332653634316235336630623433623036643238346438646435
61636536306336646535393162303331326538313134643166333836613539626634306261303536
34636233616561386163326563373662626137616239636264333063383363623733383338653132
30393938643734393036393638313134316631396165626233376464623239623533306538396162
35663333383466666132353438366436383034623837313335303635353262323663343339326435
64363638386132633130663231336438656537666134623163613763353564383138383764373432
33633363303739623861653666656630373332373765333664663231363535633864306464643234
36383839636234376339383438396434613131393139313961633839346665386166303863336533
35353434623339393139
