$ANSIBLE_VAULT;1.1;AES256
39383231343761336337386265333535356661616239356435333165663732666633666138313564
3939353932363864336338363334613464656563366538310a656432323534396435656333613661
31663965656436396231623066663764613530363037343965666532646564633330376563666663
3065356634396135640a616666396235633966616330336337643634656136653861393036323162
65656230643936663964663538363838333832653936303735356439323266303238636666373935
63313963336663323664343765303930353634373465633832356265333138396238626264313530
30303332363337313234646462633831356462353136626636643536333861656564663030353830
33393866613431303062653136613537346563393936666565623934363336353332306664613436
30346134323935363635363866363561306463383134633164633731376132376563396532323234
32656633326564316137386266626565376138393938333961386661626435313934613661356265
66643232366238636630306537653632313631376364346535343632623162346163643431646235
65366432643062323939323531323630616362396230386337363632366633623539636438303963
61656663346465653530353735316362653566383434383233626432306362616630346333666239
63396133623938363338346234393738303663383931353833343564323931363464373739373365
36316436306136323666633666666362373062613064333434343530643264376231363735343934
35343161346130386564
