$ANSIBLE_VAULT;1.1;AES256
65663039383331353834613461666137613766363434363562616365363233333463333832306330
3632393064313562393331666265313031616263356636630a626531643438326237386662333238
62646366303963353339623039323436313631343633343530383134623363306564313361376433
6530666136323335360a663533656437646331393633666638343636373063633961373230336535
62353232366435356231623032393066353831633838386161623536333962303230366534643361
39393230303665343132393534373031313439613534363863303761636663323636663263613633
61316635346462313833303264303536316233653066306434323366656431363965623066343433
35353631643561333431373533393334346463306130363365333537623666303561356265373263
37336465363565616162323032353531343434653932643632333732613162393436383066343962
30653933383838623766663939303534363532626439623231373961353230383461313062343838
66313165656164663839356634626231613234323233373037626561316336323736333633346232
30636339396332633031653064616130336366386662646333366331353263666361343233343063
30363834306162333564613433623133663439666630346433336436623134396231373632623134
64646562613536656333376134613135653030366466663439633262656634323935346138366166
62623664343365386539376563616562346639333938636162646339346637323338373562366665
36316338656434303233316538643035356661306364383565323630653962396638366337316533
33316266323166316633616137316132373237643966653132653035646235323061663162333537
63633263376138666335326464313434656661313436396138396438633133393265663039366139
34613534653065336232363437323564333266653865343039666638613230316263336633626661
31343138326634393464313935356637303337363964336431623433653861633734663139653933
6439
