$ANSIBLE_VAULT;1.1;AES256
61353037633631313638623164633061646163633834346665653661656336393966396363366634
6139623333393335613231343263383833623034306562380a643365386537306639653039646435
34376232346365646536303765343733363735646366653332616233343939633734333037393062
3465613936393236390a393439643135336665336633636238383836636330343461363631313233
38383634383839316338396662636337386535353539633665656266323937366137393665346133
37353237653561363239663438663434303761656436626233346465373635363033626434346263
30643237333962616236613338663931313463623237663333633439383266363737343062373531
32663761626135343961383935363862373831353437626363356261666636316366383634623639
38393233653866396634303764326533363134323032396566356662356332393664653265393263
61616463666633326662356466306438666266363366366262303062626436643338356539656536
66636431323038633731643833633437363535633631393735336162346165653330663165393436
65633363363865626130383766303137633134366561323537363634366165633662663263666332
39343034383135376530373334613065303635376363333534373133653637306665313865613632
36353533663736376662353530386334633938653933306538616637633637333865383038383234
65373335333062313733613363636637646233356138346137383063356436663337613330386364
62373335613335333730376438666534646636643466383238656530376539633739323938376534
39643831306233623433653561383630636130633062613234333163633965363264663632336436
66366236626161383335616234386433376437353539643338313332613136343363356539643830
34326465383035613437646564643636313832303136303639613838393461646461613233323330
34363265356239336462363433303836353239356637303438646632366632643730663765396264
3034
