$ANSIBLE_VAULT;1.1;AES256
37316235646161356631333733663366373933643837613139306136643733303266373839393435
6361333064383666336636393330313939646561303236370a376138653961636630346139623565
64363835363332303531623766363966333362643236353362313932303634333332366638626237
6662623735366233640a613462393131613936333930356466356634633836393064303737316532
65363630383635636438376238383930393866316631396332353162336236353032383238643432
64386530393234616439653263373865613633393330396166653634636131346139373733333762
34393236626336343362333335643031663062666533636339366236366238343164353838626164
64626334353266653938323061613731356565616635323237306635363761303663663134653236
36633532353063613138383437636265383335643462353262393237386137393638316263306534
37616563336639343066663537653363343262663731653364313035626561613736323263346262
64366661346331363165633132343261653064653063366431633831333839316463646535346663
30333931633931663136383136623930363235646237393231323035613437363931663561396665
63353532633662356564613230616564613039303562333766623933313066333065393063663536
39653132623965366638643065623234333761643139623637646534363662323061653361646263
32366664343838653231653437333535633862626164643835343233613864316638376137393461
37623238613938306164363632376432323837363635373330373261356139366232383934656266
34353166626333623434306631663665623933316364616464353865643737306164633637386337
65306163623564613161633239636333623732646632623934396438376633303236636434623966
616664636630386438326139343833633861
