$ANSIBLE_VAULT;1.1;AES256
34356639663136623764623537353862363638313031373034346534316561333366306362363933
3565353737393034376130623563393662653931386565630a343637393636353630336365363031
62306136616265613165616135306465656364313765363665333265336237383838663336666630
6334376166396365620a663434346630363566643237633532633036353438336232613035373538
61323932396538663463326163613363383338613830326530336137313362633339616237356364
61613038653462326261636633623731623537316262323063303666303135396537333331313261
66383331396234383665373330633865316266643430386135663064656531643963353730646631
65663961383131333732363236656563663838373833383131663364396239613139646638336139
30303831393062303464636132316332336634613161393661333639386139333435323861623366
33376464663534663062323038363136666639383239326335353033343336356534633736373263
34333036366463333733366630363163303563316239643063343530383237613661653937346537
61393132623265333265343964343866333737386465393633626266323136633066313635333966
34353763336438366237336231646536396563393631366164636632656331376131333934333363
63623765336239373633306166386439666462373631646665633766333634313933393932636539
32663735306465376239626134383034333764313238666334313331373762346565626265353439
66356136636436353962616365363665303139316536343438643333643361656333656562323633
32633132303338396432666362653534303232613632313064393432376135626566393263616165
31633364303733393339613462333233353139376262663836643035653730336161613731313730
36366433363934383763326261386634333237656539316366383332373163373964626466363666
39636634613963356466626431336661646432663861643366363635333133643265613031316538
3831
