$ANSIBLE_VAULT;1.1;AES256
66643232333036363935376133383431666139326635306536353239386433303865653934346534
6238333236363661323866323166613534393733656266350a656437633134396339383139323239
35376231326264666166396331353464326136386363353031643466636632393033626235396232
3665353736363038610a623262356365303966656430646339656137366132366262323830616133
66656466383137386434346134313338326532353664373037383431303064623534316231623563
66363230313331656166623839313239336162336338306466626364656531356161663138323562
35393731633335613665653031333066346636373735346561353738646536666561353238313566
62646431663432326631386262383837643535326534303734653139666532623866626461336137
61383562306337303033356536306461633536336262343536666330653666633134353537313631
34303235393532323332646238623638386362336263323664346566636430386565633462633235
62613038313361653937626135623434323234366334363935393332323261396234666130663963
39383533323230663236633465663337313331343631386531646432663561623637383331373533
65303162336364393636313765323564376461346539346230643166316261393232346335613766
37323236663239343731393431306361666630656261633765313132343565303132653565616635
63646331346532313361313765623961313034383439333031393130316261386138333765333337
66643735633762336433643363393634356138653939373539326433353734303261656265346337
38313732643231616463653363316664336635363765306131613333356234643164386265383362
64656535386136313137613132353763666561636132316139353732643264333561656433613531
33306666396334666336353666613662366331643665616436323765306631633761613966666563
66636233616430326332316662343265343161313465343830643131663631333965313934396664
3732
