$ANSIBLE_VAULT;1.1;AES256
62353366333262376561656230366137326339656263376435376563663837336131383964353966
6133313261396335393230333562303063346432656533340a323032633361626661663536396563
34636332613462343835616431336530653438396663653731623930356132366362386336643638
3533323434643361330a363265386564616333386334636562626536646231643235643034356138
34663035333232323739383833303238643862663562646435656138396435383330336666633232
35333034353632313933656665373336633234613366323063653262313735373365626664626332
64393066313662663134663230306562633132326234386539303161633531643039623335303838
65353466356333626261623735323037336662313432656133626333613535393661363861663536
35383532613264653461646238303433393032623364623364376431386266313064363662393865
31653736316439303236336233376365333632363137336239613866333035303439353464306564
64343333386132336236623932633333656164663434626364323437306265313030366664653465
38613437623836666639376130303266363131356362376436333535626661663366373037313537
66343833653537386131616332373563616165633665653966396338333836626363663564653036
63623333313338323034626338663264663334323363633437376265623032613731653463623030
66633936613130323438613765653261366663353836636163626164656337326564623636363637
33666430383761356663353862666135633235646330363862386664356134316137396661616464
66396365333533653462386163343439346361313635613035343136323464626339653663386264
61323832306134323961636339333466383266353262336138653435326133613061626261303661
65656635363866333430333334663830643337326437343836363039323335383666363832343634
38353239616161346330383033336236376133653530376537613564343234626539353231346438
3636
