$ANSIBLE_VAULT;1.1;AES256
64306130383032373263653931643430666236653238613035376132383962616530646661393936
3861626166333539313961623539316665613262653061330a623062326337323563303263326364
30633966623433636466666334653563323331663264613938336566313664393262363034653535
3363663433366432650a653233353364666237653737343963666637396631376233623635323665
39383661363930616530643134376465373837386563633639343832666461656365336364346132
33346438373132333561343161306131386537326237646138386237303936653136353630326436
37383662386136643131626634656464353033336264306662353866366337343832393763323539
63663435396664363535366539346637643230386363396431323933393565303938306366663638
65333938316236663537316461383835663634353331643332633736313735336464623033383033
32303931363034366139643265626536653437396231343233303837393436626438616638323234
61376533396162303336656634393464633637383265643266303639313039313739326235393436
63613361656135613333633236383266376463623332623562613836363630323130356637346664
38393061623130393936323639376164666563353461306439363136363263366330386332353533
31643934383461633837343466393431373330313330356134303638663038633637333530666563
35303564313464383934653434393461316436656666356638303566626164396633626233313839
38663633363963306462316363373838636266366133633335616338313534343933623966326533
33303230396336393432633034333664376365383035326565326437646161386263366538653238
34363035343434303966396634636664633765326137343532666435336130306530633866316334
65643530376265656633663163663830666439363330633331366639616163346465623665313264
61636661366639643232386132363932323832303664363039313838353433323762386665333233
6433
