$ANSIBLE_VAULT;1.1;AES256
64326462393334333761633265623466303061373036633962653461386138316532646535356362
3436663935613062383532653763623835356266343565300a656164613261666664393261373366
34326537666130353161386137636431313563393533356164313031653939303435616261373365
6261656130336535660a663139663562303036633936623964303038623163353239313637626235
62326530393032633061396536326461613337343134373035333061616465323631623466323931
65386536323431316337323634333534663232393765333363326533363431313037373035346165
65616265613237656436643032646565366161373739626366366166363264316233393365623035
63323536393732396366636563323062333937343266643965646138663737346537663762326139
63663862343766633962326433343965316438633332333333356632393837653437623039383136
61373063663737366163333736666434616438643961623339663532626666363137323563666136
62343130373230393533633537643632643364616238663538396131633866366234356162343131
61653837656636653865386131663361326631656564306635633664346433633339383266623538
65633962626430393636623832363833336362633564363531303036643132663863303938313134
39303936643438663539343538356237396133666161646463393433393765316136666432303534
38383537613534623532386137326565626539386333383130303534363665373232363532356663
64393561303962353634313330323534303439383538303561616238613132393734373662336137
65356535383337653731663130643434333533613439616631636635626563613061373830326464
33616138396531613837616437313836323636323534346164373236343039646332613962616136
366439653361373730613931646165643438
