$ANSIBLE_VAULT;1.1;AES256
32643739626230306661303737383964333830656661356663326633656464333332333261393162
6531383562663861393632383863663334313234653436620a343666373638303361306232323965
63393061393361356439333138373837336164313733613937633261326334333564316630303866
3265653339366330320a323435633639346231376130326638336338636563656464316461323135
36306338316564333931626439363133313136376239666330656336613234323165653436373432
38386132333131633162373262343131306633363933376136616364323161613662636334393333
66393362366664663535626161623765656365333739326530653735386365316266383139643064
65383566393036313839343432623235363864393630616635376461313531636439643964333832
31346633383662336162623736366562626339316265376564396666613366326563383061373661
39663138633363343135633266613236643934626139616565386438666534386563346566373962
38636131363635343062303463666664386564656263653862346534383139326438653164616136
33303835646630663838373231303034663036666362336538666264656637306565623432376139
39643965373234336534646166656532626264376564333761653638623836396634623730373030
65353838623836303233663038393735313537653137316366613662663535653937653164306633
32313435653134393334366135353866666463316662396231363631626564656435306361316561
30336666353265333665636465363363343132346635613239643435336664653565306439326566
37383836306462323231386537363466363161613962626461393233383664303265313137313031
38346539663563306136633666393362333131396164353435363938626432636433356366346231
33613932613736346338363632343438663863313564633132363936386238626164353437386230
61386163643364636666
