$ANSIBLE_VAULT;1.1;AES256
64323439396131376636386236346239386534666137386638353766373637653563356338653865
6134333131396561383661356138393733653233373133360a613061393737376336393934613462
66306362303366303138633537373732343264323539656364666139323461663237623233356335
3165333731636138330a363661656538313435323836313739333262646565616437666137303830
62306265653138616464383066323939613331326137366433643164633736366234663562613138
38616564313535323238386631666534323838666163643932393830666463613930363933356462
33643666663961343062656333643535326339366462643233303134663434643330666565633130
32643863313130666534376430346362383530346634326636306232366635303935643261633633
62653333613962323563656438346262346666623831386535396432356234623434373966333737
37393131626539613732643239623466643161363234396563313861336335663861393436353261
37313661316563383465613865313731353031616366363234343435336639303763366561663534
34376135643139333430633930333863373335333366373234373666326362343166636631643733
35356636306533303366643232373061373338313832613766623562663237373231336562353864
38353130653635336330613234323264323030343162333865383331303232316466303739346237
37643130653137333739613361636531623765343131383736323966333934313834623666643537
62336131313836636331
