$ANSIBLE_VAULT;1.1;AES256
63366535383935373437393361613664303765316632663737316266303739633439333565343232
6233396333643032326630643163326533343165363564660a363731623738326634623730386462
38613866376532343134313538346562663438323231336234373039666532623037393132386366
3933666361313935380a333066633162393566623136306130646338303161336363346539623662
64353637383538613433633766316137653331663837663833386230633531633130306462343331
64313165393734326530616137663933663165343837396339366265386436383661336564646631
63626332326463333437623231396461626461636565356566306132333332303037366631396138
39623537646635633065343333633764616435316163363331376332646634306637323432386666
32396466633037336637633065656362643066353665363733383230643235633434363436633561
30383832306230343837393465353135666136343665616634333738636263616131393439316562
66336161396338343632643936616262343165626164313935326161386638613135313933643463
62613139386531306131333436633438633137636234373636373765623461373133356461653066
61376631643137313538336530646466313130303662316338383863343731323630666561333235
38326435626666656661363137366537303638663966366566353165336362396530643933616462
33376539376535623933323733306636643639363730393764386338353338346566613338626435
39396136333533376165326538383532306337393538623166353266316136666430633939646464
30353531323161636237313033313338666632316338333236623131393532376661303763613736
66373339663130666365333566306561386330353436323438653562333936656536613936366163
353964653539633630356561316362646661
