$ANSIBLE_VAULT;1.1;AES256
35396134356661616636376464383830336461336239623830623564376338396564626135653664
3630363837643166393730303537333730636234333539650a313631663530333639623764313736
32626530636538393566306535323739316362303336663539343233626362393339333138356434
3830663536613362300a663466363431613737306337616532346662373664376539343266396331
65376666333130346633373164373133373765393438386266653533356361323833613233643232
36643633333236653466363037633733356565393531393036626633613764313636373933323238
34633633303033346161623132393931633961326432323365373439636631653134653333333363
31646364613961326338383031353064336331333838643134633131393065303761336266613636
63303131373262336632346165386461303035393561336635636432613531666234393639623263
39383937326436326335383362303362613735333865373435636136626430313731396266326339
32363065636662353734633964313339333736316230383231356632336439383833636533303061
38656332333636383033623930656536653637306536316561623764323530393765646234386431
34346234653566353132393639666530643537383330666132643634393062396538376663623063
66323835663739336434323961356231626438323031636536333734396133373730616464663162
65363266666631313464653265333738633762363463336537643430323932653338363237373961
62663438656137366434343865613663646361353738386161356339306639346662306230663533
38323931626133346231393366383033393833396331616530636261616236376533646231383136
61306231393263373864623636393262383734366638313133643634653133613662333138343365
31393631633062356238306462643263323935303537666564636531623039633861643636376262
30373631373735386631356166363832616566393933386432323637336366663865313037383061
35326331656265633361333939323738366233306133653638383133636131646364303638306432
61663535333734373531326264376634333264386161613834633064333939343862326131356534
37623636313465663738343735356364626239626337396135336664633362626638623436386435
34353761396437313135326263396435383138326264663034343832313536383262633033636332
37316363323963636562646233323163646235376563303363316137383136323035666265663032
37653262663436633439373864623262353339323462643964353731383865396332303735643631
34326661376539376534633931323031613138396333356131316339643438383661313235623836
34383464363537346662333632616332653030643763303637343036623166333165386535323864
65386134393764353535343235313261393237396266386562363032636530646535396330313166
64333234386634393762353437616336663537376362333633323562363231643461653565373433
30646234666336633161333938623836303030663464383135613538353831316462343132396365
61313763636166386637383838323239396534333538313362366261376637393262633434663233
3636
