$ANSIBLE_VAULT;1.1;AES256
37616136346330386266343962616539383066633962346635646261313730626162346438306462
3964656532383764366536663365353366643262653463630a646334393963363763613466633737
66326165623635303935643563336332656265333735393866636263373531623231366665623064
3132386562613765300a393963396536383338313037643038306664663630373463363966333932
66393033633131656262643539626134666535376335363234343037633662343530616138396539
62306264613836663336383961316463323539333438663662333139393631343362303739376262
66363839646434623530613137376361373564653462323539613765633134353936323566613131
35623134303835313533343032656434383033396539376663323232626430383032376163346462
31663866636265656334613433613461653632366364306463326666326463373137386666323536
30333465353231313065623031626664656338363765396461376264343837383861333735336435
62336538383137366330303834636461353132626265366437343839656665656232663530653564
34653332363834303465353239383964353362356566383930643738363030623538383233636631
65633466613238343135613864346633643033323333393138313137663339313065333533646432
62643236303564396136313764636266356466623136653235356135313736363334383363373063
31656330613965326161636264666661643137333263366537656430373034333435666462646437
37343132306431396366
