$ANSIBLE_VAULT;1.1;AES256
66323035353065316233333161343239653766666366363263306436663138303434666464616338
6466383330643239373639353636396132316432663934300a313662343161393063313432656663
33346632643933656130626433653562336434376462396162653061316239623037616436373335
3632643362346134360a373130306132653063396531653139396564363163613563366438396238
65613234303162393763653734363761376431366166313734396631316434336138333238383563
30636561313765333364363662353066313231313738633133356130343331653536643664376438
36633133383735633535626537643865336435616139656564313664383138623136363736666636
63376130303238386466306232313334633836323266313265633637636534333335373233333565
61343731663338666262323431326236353430356238376331656266386132313635303738303739
64373130313862623464636663626166383065626135633732643736393033353634653839613662
63663437393066373563636332303036353361643235656662663338356330373563336164653939
37306166306436653465636538343663343738616662636661366465333464616632343137646563
34366565666535356330623163613830366538306664646165643531616137653663343130613662
35383762653731303831656638313262613965303562376336303038616565656562363165313765
35366230373536306536306564376435333865343261653662663764383534366238353833653737
61313839343333393236326234626334333230346266333135666563343263636530663631323562
65636364326439306561396461643831653565646466363338393330636330383134343636393465
31346533353466306434616631366365383232653139343031656238636331653439653564373031
38323730393461373134346134643836303931346431363061366364323632376636346331363436
36616464366661616663376635663636663964653964643133383437383961653835376331633636
64643865363831353534326130313662633939623134343635333336343533653339623932383431
64653439333263393263633165396533363534336365323031383663373766343461303263633430
63333262303135636133643837313835343561343738356637663130386436373364393431666361
31386466643661353361666466343438333666383433326239373966326633323366646433306239
65343161616563626535636136653736373335313431353465643233313537663366666462346130
65383463326137393232376463666334313336653236643864386162616435386132353466306332
64613033326136366637653036643037646566383237336530643533323863323038353661323466
32633339656136616162333038646462363136386639643335386665646135356263303565386566
33303833663465653939323662663531663163373163653739666164636331643835353365623335
61346462333464646332323731323030323063306164333065393263303030616162623132383136
366266363166373631623833383562363666
