$ANSIBLE_VAULT;1.1;AES256
34343062616433666665613732656363643863313161383032613838376162613865373130626336
3734333563663463306137326438303437633738343938350a613761373637633636346162363231
65643565373364396666646361303432636533313836333139346230643736643532653361376162
3864336438626162360a323264646262353131333031333439633439336330336533376566626436
34306334366562396236666537623130613863373130626530666534643464306339613131636331
66343434356639303431643732393934373932626330626164356439373964326465336234633434
65363264633564306434643839316362626536626662346362646437616665346632313764356630
61643964356164623035393965656535613261663263363532353866366366376261376636316234
34613364663637326235333631363136616263316335663937653032346237343265336535633634
39613131353435336263633465343361653836616231613063623935376535383734393038336163
33326232306630636363626138393036613532343165313930346333653963343831373165663936
66653862376161646131646361363839323361376636353063323461643730313432363134656266
61356239616662356437353139306637393730663838633533656466303466633264663537346164
61386461343263356339303439653339393139626333646638373265626461346561383035656438
39353364613935386630386133653436326561666365613264306339623431333836636365393036
61353262333164383736346130643639333730336634633537356261373963653931343261623662
31393866333131353164653936316430616363316265373137373734383734376639666466336235
63626464656335633330353963366233613538343162313238316538346463633135326538303462
643464303537366662643765623436323262
