$ANSIBLE_VAULT;1.1;AES256
66313664353639643330363036626632303033663263333263363137306263653662663439623035
3866386436386266303838613236366562336635386439640a363937323836363939393765303539
38333633333834656636383364376336636266663461326364623235633364393233653130646536
6332663833386366610a653861373539326239323063363534623338313365653435666436363531
66656465306637306464616139346161656534386531373837396237373736366437326264376663
35373231313964623432616636356461306432323962653063326262613436616338356136336133
66323531356466343066333935383333613138323233626533373866373438333535326231376436
63336366386232343465303337653664356463333462383537333362663034653166653663376665
62336238366461356162333933633932373338363334323963626366373361623132396466653265
61636230303035303466336133616335373630366164343331303339383964656366373737353538
36646435323663383933633361333461636231633239313465343036356431636632363332356264
64306630373134303963353365366235336635386637373639313234643336626433646165356235
31633866323233343464656432363136626266366661313938316536663231333435663963353437
31356337653339636635656337663264653032363034316563333664303331656438653161613539
38653739303965326331363030316634376639316534303436306135666537336461666634643661
31613934613263653063636163656135663366353361623038343166326237353738343830643036
65623936333035653761306230383735393037613033326536313261333337653336376535636465
66613462353736316363333032626465626161643334643139633263363639313338633234386333
34643630623536626461376234383464666234306463633838616432323332396666323436313666
61656137363936326562
