$ANSIBLE_VAULT;1.1;AES256
32633561333738313364316262363738643339633264396562656337613333346238653139616637
3433653735356232393538373265663632643064396331620a306361366131363038306535643133
66346233626636343734313437343266396134373238383964323733313264346164356138303033
6534386365333032350a663436623137643638666366303634363836653766333036613164646234
66386639303338316633623338326134313532303066363962643539653233353737393861346137
64383639323236623965663363373566626466313464643332326161636339313833616438666662
66303465386535336231633234343830333466616631376533323264316436366637333738656664
39633661356436663663396631636632653732373365386663393433643663396639393764303534
37353030336365616538393662323232363666613264626635386436303932373763636337376234
65306564663131636537383336383731353163623662316439393536393663666331636431316331
39346139313831633465323262386364663538303163323838303164343830643766643734353764
64346338616238393165303861626432363333626561366634396165643832366265633734636238
33313938353337313932626464323832396630323063643736333264363431653564393431623063
32646533323665336230396535643736313730393832326133616666306536623031386133366238
64346434643761623931356131313935383630663231313437326332376463643632366237643831
66623638323338636339
