$ANSIBLE_VAULT;1.1;AES256
66303231653931643339373336386465613237666466663762376266356237363662623235313032
3836393866343033323239636262336131366332353031360a663137653633643862323635636161
39656534363264316463313234653636643439613538396631313032396130636433653934376333
3363366461623530330a356233366535613330346633633766653039336336313030613432373062
32646230396363303636616635393134663664373833633238633934613030613036633730353463
38623764613930353961383334623666653736626261376439366264633037396463383136666438
32366334386366656636633035313061623431306537653331653038336635303835633330333536
66393335663533633636393462623133623931353763353361373261633334613563636661326139
32353531633937633061613739386136393236393034393737653031373930346465363466343231
30376530343632653132653231303766663939363339643162356635386232643633343438613139
63333666363533613934346464313163383763633231633762376638626333376433326562333337
62666262353863323864666633363163333539366534386465613461386431303731393331626233
36613430343361626566386466393463396231376337303063386533666539383538643936373531
30336463656135363265326437343162356535393534326363323335663235343563643637653537
37623136373362323261393561646334376337356533356633373765316363366461333661316430
38333865356135643837666461633065383030313562663664666535363062633964623830636330
38316533613035366232313836636530613135366235623739353831393164393265373361353563
63643237626539376562333237376266396135353262663065336631376139373039386266306133
33386131313536626634346161663839373730663636366435396230663430666361396337623730
30313563363862373861386130363831616438653631313861396466393937363036316561613232
3132
