$ANSIBLE_VAULT;1.1;AES256
39663630666631663238656432616135333838373164363665356134376163653162363966383230
3233316536626239336432626461383535343464666261660a383264373731633839623166353332
32346565356231373430363230353230326535323433303636303336666138396235656432643736
3863646130313461340a356332313436653964333166623231316439323830303237643937383762
38613736616265366364636563623131646330643338393566353864376264343964313433303565
62666437633330636236386165623365356536376531633661393963663362646362333931626439
61333965383866633432646165666335363762646634383364373334303931326630633265316564
38303761393136336261363839623562383439326437356635636264663863326163326136326337
38333036383264653766656539323635353032303038346234356166663639313738363932346239
61633636663363333964306138336561653130383037356265396365346430333835616562623863
66383765613262393064323635356331393130646433303237313232613066656431613665623065
61643761353561613539353932356666393863633133616134653766333837356636356636366265
61653537363061386232313032313162633465633035666431666161363163353566333465376563
65666265376663356537623965653637326464633561313139663337383434356635653535386463
37633632313265323230393362333661343234396434613731336666633732343365623334333231
37386338643732666538376463643435383065653266346135643431353262336665336639633136
63333831303662333633613165346262316164393332656466633562393036656230383638393863
65653664313664353036336161396639326336613061646365373739626436303034333339353432
36336335353565663062376339616166666265356339613238653431353331643138663131613432
33633339343062346530353962633766303561626536653132313266646661626630333231633038
3261
