$ANSIBLE_VAULT;1.1;AES256
62383663336531383533373532373132336238366337363266336339623636343639313832666236
3431666165356263383233383930306562356330336636380a616163353462646135373838613733
63663433636330646566366638323439633865313666623266643765376635346664323137666431
3737613330383764300a356164313036383235656632643430306463363332623066373731646130
39626538336266343733353661373933303938313963383530363164646635323534666433373363
36363037616439353364396230323363613262396565333637336363346430666230363366313832
38363032356638656433393633656230623438313063633133636664386532373038303437613162
35663637323965616461666337663162326665643764353036313766376437653238383032653233
35366233623733363462363862333439383765306130303934666233646633333030323565636339
65353131366365643230633638333133363535323163643834373865656462623237636131633864
38343738303166626535346334666430653533383465346438656233663230633037386137633730
37656261643238363361646432643964316265623166363063366462353632303534653565386363
38333932323233373237303034313436353531353131653636333965323238306465623466316636
34316163376530623835313565623633396364663732376135363831643533303632303839303033
39303237613662643438343338633235306162346332623734356561633764346236303766343332
62643131663135643063
