$ANSIBLE_VAULT;1.1;AES256
61363231626563643635303932333739383631623438326264626639333536353334343735353733
6364623561313538326232323332613136303862663364630a373839653961363039383639663438
31633932653437353330336130343230666634346438656438653739366161353137366232303664
3366313433376364390a646536393631316538356462313130623564323939643762663466626235
38333661316436656135643563613531383931623238386366376232323934323563313363666436
37623139393764376234333864656266343735633364363135646630356566393936316366356339
34323934396438396635623036643230303662326364316465616532663936633632326233353731
37336264613562666234613833663437663639663264666232306138316561353565613161306465
35636138383062353065383635336234613839363737623838626130363132323236343437346335
30353666366238646235623830613439373664613438666239306336653538373635656135633034
34393330333732366566356336663839333837323361623635393332386331616163393836373239
32623430666530343434303061393031343336363064383761623939356434386633626565343238
33353631333661643161396564666334663732623938653639623362373333393338303932313566
36326266333837366262373035663838343937303437653735313265333737623962366237333861
36663263663639393164313937643832316536396666313639323036363062373338313634346562
65386634313034613135613634323164363532326435356437616339366432646265613766386337
35333739636564623133383638313037343937366137306136326166643163356362323938313063
62306638366663633332343264343634333265323964626131313734646464366563323134333161
37336431303537393031303837616264303365353766613463633364373735646565363961313965
35303734316431386637353437623562636535306561616334393465633939633332343163346237
34366362333131353933303533303734303137633937333762383339343064616666313436643834
65373063663333626638633731303535366362346633303433643462316439386138343531353035
62343838656466393366323035326637383936346532333162616535383930653062303064623537
31343437663138383834313739373166353635663263353338336131636163326264653864303865
37656562396666316365306434353863363330663861663637306537306362373463383831346633
63363737353262363662363365313335333634663564636533636431623163306130386539326437
30303331323138343462643130373362303630626332633361323066613335353331656137326662
61633366636139653035373139353236653133653335313265383932373166653365373336336665
39343564366438623332383536343238393333386233316234396263636562643632313730656634
31393662633433313830333661383533623033633334313466313530306364666334376638656337
64663662316531396236653463343534346566373930616330313137306366653162616235333531
39356565383739383030323432306537333139373864363337643961373166343732643861373133
6134
