$ANSIBLE_VAULT;1.1;AES256
34616362393665646433393734626461616562306661356132333864663832316232616636346534
3637323534616562633566356436353662656337326536330a346335316432333661366563386539
33656432363166643732393933343731613436643564626561633735663732383031616166356538
3433353435666163380a353134396137353564313061336430626461613236623633636661666435
37343738626137333137613238306235653363336266636336633934353436613364373561616164
33316132323733393062373433616433376633633532366232356265646131373933646632376166
61323764323234623433613439336537636439373463303430663866653039313837636632313037
31393661326663376161656333393232643063343833653537656136663962306561666666656237
61643365373664396630396331326264313536653162613034366139653536626337653638363765
39373438663631653662383036663064613939383034343334316238326138333865653934313461
63326435376364373339356434306564303133393837363562633566623761363132623561663038
62383536623966393630646362393166643166393236356334306337633039353134343162393763
35656231643963626538643932393737326630653139626230363037313837626535653362356163
38663538663139353132393963373434363630643563616633643637393634363664393935323435
36323331336536396364326561633037616435313333303833613361623538373037643866656231
65383730393233353765653837353539306463636164386137663039626361333034636133636461
63336665313337353864333836626532343139333463363439366433666461343161663161383562
35386163323765636365393666333064653563343437323866656332356162353164373932343263
37633664643565343766386161373632383131316236353232333433376639346364326138363434
38623663366162353165
