$ANSIBLE_VAULT;1.1;AES256
62326535313630373163323863343331303936316632303062646163616133383365383736363835
3331613039383737613862666236323833363163633631320a343732313432626535626335323966
36353533353530663463393335393066333630653039363333336633366136656335336434343964
3134663561383365340a333934396563316662356233353336353065383663333732346632663530
63303736633763386434316533646533343161326134666635623233343430643233633032653433
64366139616536663263623031383037663264656338386265383462363539616432623033666561
36626636343637643663653463376166313861363336336637393735316333646333346436303662
36343364336432343736383532366538643137653635373839663464383662333431663532303438
30663338633131346536386537303130393661626434323530353832363264373865373066353266
30386131323333653165313137373463663966316163653934313564333530326437353536326636
31313530333066313434343166316562666165366332613938343139366163613639376137623237
34643865663866626461383730646336386231643363343365386233353734326433383439613366
36626361646333656635396438663735626330643839343038613736303763636437393562373962
65333035306264613966316436313034643439333338363530373130626265303862626161326333
33306263373463326537656165623663616539626361623166336434306532396264366663623539
64393031323365316238626130306361353536373666616134303964613965373162616230646631
62333333313637616132373438323963336531353466653461333734653937393135316435663638
30636337393238656563666165316236636135363938363564663164373237656336313932363561
36363765343730623665393131613665396665636233336461306339633230323366633332623061
61393430393462393732363364366263303339323935646235623164386334633831613134386266
6363
