$ANSIBLE_VAULT;1.1;AES256
62626337666363393133333061336333396437623962396233356263306464646533336135346235
6137633436353138626566383961373030353062373034620a646139623166663232653934623538
38303462303536636633346337643832313036636363393764376265326234653734646163653931
6434353066383532340a303236363461613937373438656562313436663235326636623433613666
34356636666430323764386137316330613532386133656237353236323463396433333534633933
33306633333430393866326230353761656563356636376536633731663632623136323932373333
31656632356334316633613539626565356463303738613266626336336433313339363334653364
32353838663965383363326166353033393263623430316633356662376339333966396337663532
36363461636630343664353034643534363239656630663735373463343030633230366266303364
61326334316462663130333935343732383263333361613031666537636635376639653665316161
37623333333534653839316337393532306364303937393137663333666466343265373530333639
65386161303064653635366131343361663531306532613339623933616336626535376132373231
30633064303039383531353830396261663935323030366533656665643734353666656665383936
37356635656638616362373765636239373637613966636630303038646135373266386538636135
35646162663831396265383035653539343338393164323864386666643236353864646566303466
32306534643233383334666165663830323366316135316566646366303038613631643365373265
37623538613637623763613364393835313563373136663761316532326139323861646633353031
66663662613030306238333661346132363662343231343038306465613337613031303538616236
33366263623066353839353439363361656532613231396363373634323363643765646430656534
65383434613062393536
