$ANSIBLE_VAULT;1.1;AES256
36313265613234346565633861383835353534313937316565653163353033666434366433613162
6461343564353337646635386632613130363332326133630a393862386463343234653132393863
61393665666235633538333732313762663337333562333464356561316234316535653237393066
3436333539623963360a366530393562623335636562653432363836386262323664653037343838
62346465376631636633366465303662613363323331646437336637643239336535626331333661
66653165656366363263623936316234323734393766653662363936623236643761353735323961
66653164663838363265363736343634353534393132366462313666623639306337646361376436
34383763343464303961666331303664366433636535643934633135633633636564663837653065
63626432623762343666663934316333393934383166663563646638343739326465643932313736
62623439633461346231346235623030306366656531326631366137313933393464373439643930
64353430636539383064306133363163396362383531623736366434643531646537633338343361
64303130326562643664373065356334333537653539396337386438373634663565303333663339
65666138356339353932363530616536653036393536663235656635653030343835633639353837
36393464613236653233343466386163333139306466643236653435313962373565333131643666
63303262656636303562333932636566653437626164366636333531616337383635333666653962
62303033643236363733306639393833366639393961333834326465613236363263626536666136
31333866356233346638356534316461633766633332616466363939393261353063366365316439
37623363326634663032363864303737353966303033653730383534313839636136646263343637
38353436666435633736666130653130623666336166626632363932303636636539346532303730
31336434663430333165313439363464326130303462343530613765373838613363636630633161
3063
