$ANSIBLE_VAULT;1.1;AES256
32646439343962643738346232646662343132353466653332646238316632386431356234393736
6530346665663362616263316562636230623061326231350a363464353132646230316466653033
65336662363339633365626664363761633761616331306431303561343232633732326130643936
3762653361393065380a363737303431316666613739616131616533396363663863656630306331
64373862366161363437643430656133363739663761343230383561373064633937396538376439
62303339363161333637383863633137303939643862303834343630633661623231613265636363
31333863623836353563383261623966653932363462343563366230636438393662653462333936
39363836343466363361316465313238326336626331306565356433343563353339323336313838
32666163306664353662613637336233623563373934393739396132396565613261303739383364
63643639636331666663616530336664616531323332646539393666643766613265356639303638
37373238646238396133373565623039306661646230346537386261363863363535313962613066
64353462343334623133646239396666306632363830653063373938663466646335346135623138
34323933623331323732393430343030306261303934613635306661323739363931356238353465
31323936386539613965333763386636363536376464303131343034353231316261336662643264
63343531383436636539653637303735363431623261386432613363666461636662373066306237
37356561343733396238653537363666623365633732616665646430386332323230653766663032
36353730383139666361303961616332383739333532343933313239656338623432386262643834
38393135373966373336626333386433303232633832363065613264653838346434353263376334
35393364383038643230363538343663333162663263366139303962633631363433613330383138
63356331653937663133636465333764643762376435623735663035383666353636313134633465
6665
