$ANSIBLE_VAULT;1.1;AES256
66633439653263623466343737356136613464353433393039373534386636303334613938623936
3566386530303030646630623036626433666363393662370a656633666438653330383731303537
66633563636230383839653436393138346462613165663730616264383132643962363535356537
3431613862376536390a373165663736376461373336633866383430656633396433666264336632
37646137353561363230353934306563626333393863313763663461373532366462656561626536
38663334336238373237306130663134643235313136633138346638393139383564396238323838
39336533373263653039386231353936356363646239363834353531636463616538633262313037
34346463646439636166663562336133323137333366616662613431653661363937353530383035
61616161663264313163656565663334616666633039346632323838366435333131343138363437
65633131623563356130636531376131346235663265393533396161396666373962383463393765
35656437396462313033646431353835623433343964663930646431336239663765353139306363
37373538313639656265646637633834613735653964333466356133616232663031633838626636
35343838333134353963663533346535616461656236353832336239316335663733393937313135
30363832663237306533633539616530313439323632666664363733633764326137366232623139
65636533633664666535643731623233346531313538343261396466313261643036336265623031
32356435356364343066333130616365333936333031383966336132356561353533373961376165
63383461313239353965643165656439363634306437373037313837386263653730303562393432
32353532313134396161323931323930303664366662376332666532313238303739333436303233
34363130373431343762306335333833396138636266666533623337646566386363613532306433
61643237343932343138
