$ANSIBLE_VAULT;1.1;AES256
62323939386137633463366231396331366132623231303030333064383538393661366566653939
6465333130363234666138616164323561393530363033390a366138383433633035626263386461
33616435383632373436396637656363366164653330383835653230316138363862383836653065
3136613962346461340a396364316562373266346339353330376638613239653961313330343035
66306134643466626161336231646566656561613334633165653736363639376433636665333839
64303431626234663034383664386562656136663561623363336565643034653733353636653137
30656565386663633764643130333333623735663930333537346632333963633364616363303533
63363531336636303436663839326466613039353062373234653137383238666464613938313662
30333430383439313134343538343739316131653037333264613637623732623434346530396435
63663735663161353462623762643365346139393136336635623136633961363931663561666532
33353737623433343835633931303838666461343931363130353531643665633836343931393431
39393531386631356661306539613334343530626532303937316134303032303638376134336638
66666537323932643465646434313864656635346664626339643137643766333663633832393937
38326566386139343633346431643230356432393435393961653563373061633131653936613464
32633333633439366565303330643336643239383836343632663431356262303537363831333735
34386466383739366362633362343561623430346335646533326534323065346130633763323061
62303464653961633337333362643763613631346662393034643436366337373134333664383864
61633763323564363433386539333634376665353064396238316264626339643431613364666561
38336563613837643536633835396132323933303835383863613434386539366233306537326334
38636338396437623265
