$ANSIBLE_VAULT;1.1;AES256
61323531396465306161623335613034353831343233653432343933366535363561343662353230
6565636161653966353163626333613962366230656530610a653563616137633035303165653431
62316430373530396437633536373636646262323139333166623862333665653865626337313333
6434353933326162640a373661333262316261326538393065393736353931353131316130336438
64306133333731383963316438303330316439326336666461353131363230636633313661363664
66656431333432336332393930633032613337613666343466353161633232396438336466333633
35626434366639616564366232373235306463336331393964643964396331353165646637303635
36353836353938633565373939643435393362373536613761646436383136343430353763373962
30373835656138623531616239636236343333616433396131373931626435353236646536336666
64343864633937383933393135326531646364393766373033393964663832633661373364613431
66343235323465366663373930383665386439323266326235363464323836663337343235636666
33303438336538663666373235336438303233343639646335633266653836336337626336313530
31656366666432653735386565346266333662636463373765353465383761636531643930663731
33363131663438313331633535363039653635633563346632653666383238386664343966396135
65623563313534363634626130656536376163323030383734616661643364656666303762306632
65306430386131326135
