$ANSIBLE_VAULT;1.1;AES256
65366163633365393335306366343939633835366261306664656165623734346266363937623031
3535383165373530623462386132656633376533396333630a663834613764623836373931383736
66333462373266313461363763356338366633663761313862393239613530336461663039353164
3362386633353535380a653231343839306166663736653638623633336566326562613331663465
62646566653632613632303835623330633636346166366134303262343461623166326233323863
37616663373863396231323335613366333436366362616438393061396535343166663266663830
62636236306537376235396461613233373530363738633739383563326462616161323564643964
66636336373934336665323564616339383633383234303062646530373762363437623965613261
63393531616666633663363139333663613465333135376335376332313632623463313834343561
34646163336433613431393466313338326539646230343733363464353661373863303165386265
36336235393035356135316365316633386635353439346236363538353430316562323430396164
36316432646233313861616536373733666432396135393838353631636666323364323362626665
61646166636635396562333263336632363462333539323562626234643339623032373233313431
31663361626362356165363136623430313261333538656362326265303362356566313233343164
63653339663363663634363066653337363937646638396566333137393965363733646530303536
65626462393239653631
