$ANSIBLE_VAULT;1.1;AES256
63643062316462633835666330376666343565333963663964633261303138643338666164386634
6239323338396333636466316639373062323762636161340a626561353863353435313530326236
32636161363164333032343832343666333631356366343233313139313930656633386535613637
6537306433626361650a373662633862356233333139336665653830396338343337653466323163
35326134386237366264623833616464353164643666383530623663656537656235363331616166
64396530343766613564663162656564343339373238656234323361323265643135386535376462
32316633303534333662393331613863633765386134353034643664316638396364353862393862
63653530303236666534303966326635636237363138396335643031363562393236373736303361
64346335356665353763623939313733316461366234396563356530373936393436613062326638
34663531363633653666343961653631656532336536306431613666636531356634633739376330
37346136336637373133373166356562666230363330313239346631653538633464613739313431
65306432666532656434376436393439336362643635323765616431656263636237356166366633
36383138313038636637643339613166643236373666313932656232313066656530333133353833
33313736333363653937343531633539343132626634633533613965663165646565623131386638
64323934333235653432643964303830343962383564376364386530393932343463396561343438
33373934346632393961343438336366323330383266393236313037353661646262336437303234
36393161373031333966613733663332303662643061316561666566386463343938396462616533
38643637613639333330306538663038333131633261336665613863353234356630633830613263
34366265626335393064633834306532633539326265613833663536343130633738643435653265
65333938383632643664
