$ANSIBLE_VAULT;1.1;AES256
35646339623233666635396534313434666363303032643033303334363531393631616431626161
6161666366346265356362353335393562623061663435650a646266653965343137653662656232
34366139313236316662336239663966353932306133663936333235333136326466393433386135
6133643633366562370a653564323964326666326635643865653430366539373566643261323136
39323463366463303139313833633361626637653639333436353061313461363462313364303339
30383364326230303131303331646164646635656464626231626139396533373236346462326430
37386634646136323630343431323466313833303731353865643636663833376339396265646130
35613938393934336564653836643131323335616339366262386337313464356166626365633338
34643030626665366638616333396239306138633563303035336135653734646162343837633131
37393539346261633966336261626263633763323065623061343637323863613164386362333633
38636230346430616133393635333363333161383938616163306631333361363062646635646639
61656338373766373136643634363835363339626437326232643734376537656632376139346536
30393437376266646630353762643339616139396533326234316563333934303362663234643361
66366337383838646435633065656532666632303030376238353633393161623139373835656564
33363037653032623662353166653136373464623239623661393834663564323361616561653535
31643465343763336433303566313265356630373064343365396637396136633966373736333861
36633564626333613834633162666532336634663035306261363333313333393166336639316662
65333837643533623334633630643436623730643930643263363965353739306137626636356236
65333331343461616438353833323661303635393933343064633836316637643231356166646630
63343933353139613632313666316566623033633631383034666634303732396338393638636535
6439
