$ANSIBLE_VAULT;1.1;AES256
66393163306264666237663961653331666562356132656663303539333266626632393861376339
6639333431623330346333383738323033663763633761390a656436313865303332626633623635
64626564343935306466356565313535663664366366623131353830323065646139666364666230
6335623866316132640a306631343032386161633439613663336664613762653239366233343566
32613532353831653266613431663561366239646335306366326236396534663637303561303564
65363538626633623536366632386661653035663533393564373065313837323431323639353531
36373035663761646336626662666631383139643332613130383134356634386463333838643934
38333332653832623839626365366436383365363234376133623435353335316433306434643866
32336261643566386432373733323664613761343237613230313061623933396137323165633433
62313964643734333165383232643962373838666536343732373064336636663433373934343934
61383532356161323334303132313935313137666234663964346233323135613039363936653239
34653362373165653162636366633337666131336366323962336332386235343962363265366236
33356330663761633636326463303261643433343332623231636236323461396535353932666662
65323131393331383866383666663565363836643732343765613463303438353364396361346464
33636130316539323635343837313633333531303935316135346434666536643663353237386534
62353435613630326364
