$ANSIBLE_VAULT;1.1;AES256
65666136366338353939373734623938356263663839313233656336383134373331373138626138
3335306261383533623735643264346537653133623066390a356461323331393133306563623264
34336636346337653239353739356433646134363064393066396562613263366162306433333466
6234363938366230390a643534386433346133323630383938616237643333333235643866363265
62306131663237373738333666346265306163316261653364323430306434616465336331643333
33323866373030633334346435383462323766653563306532643963383231626239393437363934
33653438363037623636316435343332383263343939623663646339346336393464623734353165
37613935643162383530643733323030303330666364393032656364373233633836356436663531
65653566313631636435316162303336303463613133616337643762336132666265376562343531
63333365356230636266396334383033613636323333663439366639346236313434316266353831
61326562653837333437366366653031626363346666643938313165663433613031376161373462
33633738326265616431396163663462313461386139333166663864386339323562323030616463
61336161396133373763356332346530353831616137636633373934306636353837353036646336
66303632366164653230636262326462353532323732646436346462346665643563326536633463
30656566383766356366383931333661633333623930633637386232633639386134663734323963
36313839313039633430
