$ANSIBLE_VAULT;1.1;AES256
31313162306437623631366165373965356161623033636635353365356162313562343738326332
6433633864356236633037336231336338313131326534360a646565323166623530613639393136
63623932363335303762393861346265633764656338663562323634636330636362363534666637
6335333961303636360a393133373434656363376237396164656262386564353335306365323638
64666430376263613534356565326433633863333034393732663162366463336635386636663161
31333536666162316161663262633734633636306135356531393533313766336164326237373561
63376230626639623631643139346638373965313932643039383663393166373036313565653664
31373538343362363065663065313064613236356134386232343465646161356532663836656263
39303333656138346364393261363031323862663965373636636336373137333336396662396536
35653534373336386363623139346531383934313166643032356338393735353538633633323833
37353333653264616332393535303866653534316434306231343438626266646132376536646335
62313435316633393766313435313062343665363162386366376166653632663262323933333562
36623562633730316636643833666339316361646436336239353930633738613731356666326132
31346130333636666631306239636238356435393837313062373239303130626566313362323761
31363435353363626331356330313965616434346561363161623862313534353230336534353531
66393237643336346339363030323139333438343233373931653061346339633737666664313635
38623735366132326236666664343130316232376563303266333735646536333139336264393335
32326135313037333366366333616163316231653030303964356338633932643638343036373036
32343730383531376161363831303637386337386137616434666633316365316666363165306466
66376138343764353437653432663062623664323838626463323238326661343334663034333433
33306339396237396435366636646661383863323631346165366637346634316635653532356162
64383235386237393261343564306432326562353264353633303533346362616665653566393062
62323561633930303732336232306537353237346162666131373733333563326235633232653332
38303764343835393762303239383831363662396638653837336662383039356566333030643430
37666631313763306534653232613562316535663531383039373632333530346434323434656331
62323037653535613165656533366261346431306666313332366535376633396462343435376563
30353736666466376531313730383430383533303138376264393733646264646532316366623666
65643635656561616262386265626231653230383733323562383630633131333934346262303664
34383765396236313763613633303430346639383531313433353566626538636134663733313033
39386136633534366231386438613731343662633863643330346538313333663739363138643665
38656335653030613934666663306661343939643334323334613538623263613462626334373538
32396635376363316535356437656432633433363863383765326663303930363365393465383164
6233
