$ANSIBLE_VAULT;1.1;AES256
30643139353361343864383539303639373532326465363234333761663562393465623530646530
6464633036376266383464666433313935333162363361390a613730323765666534303730613465
64326630356663656435633464363831656231343939333763353035666365303233363962663431
6364646639396430650a656162663034313238303363376663336263333764646464313630356132
37386130383966653064333637343436343731383432393466326466353863656462313334303536
64633732343435346634343433623766626131626136303265383132336437363533306635393033
65666134613461666535343266363565623663386130353535383233336132363063643537376562
31353837373462613432356463663331363439636133303361666264313464393462656435643632
30336333356264343937656233373065336335623634313964663739633733633065613161386231
63616637393464333563613433636435333530323464386165366361613531336633653839333963
32383430306133656532653935323436336235343532616438376161326363363632333166643331
36363263343438336263633461373663346537653433323963643331613136656361313938646136
34313839333339306639613432623666616462333432303935383030643436366231656138326537
35366135346533363233653133343531396432396562616638333432643964303337643538383866
63663936386634393461306663353330356461386432386638313264343361613435356265353239
37303333333361396665353361626161643765383233373636313263613365653162623065353062
61636661613630646163623166636666646538366435373233626466376235303336376333646330
64656335306261396130636339376261643966343432623161376365306431353435343063616335
66323430303566333565623561653331656663626261356262666365303565313337656362366464
38343437306239616431
