$ANSIBLE_VAULT;1.1;AES256
37636661366632653636363338653466613266663136383938666133653766623134613230336162
3231323666613136633230313864626436613464383638630a616531313138663530653137613131
62613035316630353764623861633131396434653136663165356136363234663464656631653930
6231393864646166330a653061366332636534613266663061343232316633623938613835383538
33343437616466353663313066646365613833653931623637303630356436616439393637366137
62393335383962313233636566313964646636366234363232393764616366613437616466666462
34373865396438323238653566623736383463326638626565633432666338623164633132363561
36326131646134316262643561393830343263373236643661646563343131626533626266623630
37306531613439656535363837346363646137313238343631626236383038336363316531323863
36613238343563303064333361636263366239663266636237303734633464303863336438336634
33393836306437326362323432316265333166653939306631343434303439336462336262623832
62363138396133616661326161666161646566663736376538643431343235613465633962386162
36306139353161663330373462636334393238626464353664326234313261653663313333386130
63303735396136346233623266613437333664633363653962303532313935383965343335646434
66393561353639313461636535343037373562313138343235393032333037313565613637343637
34626363633639633663616462343434383232643166613632633562333636393663393234396465
61363464356263343163343634353964623863653162613462303834383137393963613532656230
63353538356564633037363532383763633737313736323338323032643531386436626666626531
32323465623236626565363135316666376365643266353165366565643966316263653963646137
62616538666165616465343665633437616532343763363564363639613133383339356638636537
6636
