$ANSIBLE_VAULT;1.1;AES256
65623934623061376164366639376132626631333864336635613165643066396636376661373666
3830386435663831616534303337393137313836626130650a343631383965653963323464313030
64623362636139353531623232306363613466613363623164346366633765626161663531316262
3561313762353063620a393664313165383336343134646234663464646336613166353135653532
30613864333034393464386138313866646532396563666438626234303532326136386264333834
32383161356264343162623063313862376266363161613164643634366234353532363166333035
62306334633032373633646361333132623662333832656133343637376362623138303335353961
38393339396266356634633930623037353562306230316636366537653235316532393837653430
64336161613730363662643839616130333838623637373438653535386533356132656465336363
35376330353937306162386464303365366635343361303436653861626466353738333565613933
30613964653232393461326232666565303062393532616430653438343839633436646664356632
64663032653233366366626433663162356331363330633437323565633839323530633434356235
31616561643835323264323237316165666636353964373430343637633736333466643132613865
65313037323237666332303261376664306234373837386332356331643066643561643134613230
35313866326662336132383064346632663238636630303435303831636261336466303839316639
32343036623762316338
