$ANSIBLE_VAULT;1.1;AES256
66313362353965663438623563396333646432343261333764623134653064383062623361653564
3831633663656363646632656233643561376434353865650a643235366262373331646139643230
63346535386130313763653363376262393666393636356264316533306162373535333863333530
3039663231656635350a376361666662653566356661613961653261616331366561303138613931
34386339653363373333613038306633313431613032313866616263336131386430343736336530
31336465326337343838393461386366646339646233356164663037343139356434336630663864
64663938313537353636303965383262393136343635386533643633363833663036643135643531
66336536626162316433376534376435353436303339346332343731663132323230343765626261
34393232313564363832643938343736393331366233313235636662333762376132333032636265
37306564666433346166363061616333366163633139333166333736656530306164616533376564
64336233656261306432663664333935653137653238666563333366393236303166376438333962
36666532316161633962633430393135303664366231393565653237336363393737626461356566
39336535386534313230623039303363353961633236333636383534663237346639366534323131
37356563356661393266373939663137356264383731623934636537633330623438613235336436
34363766633665373365353631663239393330353337383139653034306364386639613839313235
30383764613062656465633963316266656263303333323133643665316334383163393763323532
61356634353331303562643239666439376465356337636435313031393532666235613061373363
62363866366639383562383631626633633233613431633533646661353666376563663664336135
64316136303137316436326233633035626663623631623661383237656539313637393236346532
65303730333431633338346362643262656536613436366432303237353933363539616461323566
33633466303036366531303231316433613630303734366661376536363634613836326531396163
38373861643633323335643730343662383136383635396134303833396463313665336538613762
61666165623832366339646164616461643264666462336632373861323433306438646231303361
64643365353733646564353533343665383737633961356533363064646233383036643731326261
65396238363033333334643065303235613065383461333935323532363231663363343431633233
64633035383565663562656535653864363034323962643532383739616234366165626237353832
63623330366637626536636636646332643430646465363663613864613531356566343737343736
36643163633031666335366361373833656362373237316439373230303062376639323530626462
65636231366263363136346435303766613366303436636261383434613161633935646162373531
3131363034383337666434353065313865313232656661303765
