$ANSIBLE_VAULT;1.1;AES256
66326337646465366564333062633863353239613635646436643437323733666437313762353262
3331366239393635376636356361333566616130373139360a616133616536643337343737326265
32663734316362366633303138303633663435653731656234636231363936363666336339626232
6234373336353766320a303663613766333837376334343239343836616164343337613065363665
64313363353635383066313064643134666231616538663464396436323335663133393063633833
39343161386132623934313338393463336366343365363866636161346233663662663963356639
33386335393966303764613934373539363864643137636364323031646339656265373962366564
37336536316465646563633830623230303361383136323466396563666465353961653833323763
36353036346164613432343434313034376434373939613035313962376233636234306536303161
30346135663138366337303763343936306135323665326630343662616233356338353538616566
39663832323961323863623534366139653738643734623632393339336336626338666339393261
37373439326130656463646231313631376364353465646230376534326431316437366161646538
30336365623166653062303734653533303236393561646336353662663163333130636261373338
34386533366337396266663532663965623064633430636365623931613339353262636530346363
36613164363531383332643239666661303364656566303664343466616262646564386530363763
63353931636561363535
