$ANSIBLE_VAULT;1.1;AES256
33653133663933666637306436313164663064356232616161356633313531346133303234663761
6639376533376331663661663861333363386337303833650a373136343732633931653536663131
65303032303961363266363464386364663831393564373233366161623934613133353736656132
3663313464646333660a626532343964333166656339646363626138383335613934393431363230
63636638316261623763386465343863356665656530336164376138336630346632343030386230
34343061633763616365663864633430646665633939623338646436343237313465396666316261
33306665383762336330346637323936656265656336623537323166646138653834353636373334
38666132336430323030663331663137323162303638333337623830633235313538633938343433
65326430656166653138663538333466366133613065383362346330613036613532633066363839
61653563653133363035326133383134376161653264323565393665393562383130366266346333
34343263323732623033363430326336336362653664663330623938373661636436333634373831
32393339663538383035376130653530633937306437363731313235343832386638383665663839
63666635303766326537663637336535666165333139383164666130363763393333623633666236
64373735633535613964306436343066343832323830613866623831643537663038306164333338
39623334663234663431303063383833613937623239663333393362616435383861333366636135
35366333366332303632323832666534333331643533383232366165353030323637646134643561
36646439626161393165353036323835663530396131356564613838656330386264666665616232
33343164613433663866646462343466663961373235633261343637396265666530313663383933
37346664636364623134303536376436353561343761313234356236393565316633333535316534
61643634366465653962
