$ANSIBLE_VAULT;1.1;AES256
63636535626262333564353662323733343631313035363036333261306461373236346133663033
3535323033376532653663393535616362313063613132390a643536303363656238653236343335
31383630613832346233373536333133323339383130396263313735313461396534663739363864
3732333664646633650a343565333265333538376334663737643639633466626239383238653661
35653938666264356362333930646136653830383963346535616364653233626536356165633035
35396466613035363963316662393433383935666561653733393132353363363436643764323539
63626562396133666166363362356134636430623032646532363939383965663534613136636561
64663864383536303462306466373734366531323139376164356463353764323230393764616461
30643764356563333430396132646331353934396632316563633862616335313566306362333138
33323762633637643635323535353062626138343062336432616131303965393261376465383666
35393330366238653233656430616535623639353861623032326565333035393537386137366436
61646135666530626539356230323130616362613466653031313066646561393862663264653131
36643338386633306665616234623265653837333736386237353463313336346330636639633966
62323861613565323161623236643162616232343637313565643464363535643037313331353637
62383131303033623562653862613230303861306337303430663739346363313937356163313662
35623930333335353034
