$ANSIBLE_VAULT;1.1;AES256
33386433346139363133653238316461363433636332313638316163643265323235623738356563
6533333133346562323332616664373230393936363137340a343264326561653637666265623239
38366231366333373934653035353636396539323662636238363065633562396435653136613638
3530373936303231300a396365316431663537646135306566306238626237333238383930396538
33343331363435633530393961663964333037363762346531393335363664303562323766303132
64373530623665333838303165623434336362366131343265643337626331613136613437656539
38623763356466343939313130313938306334646137653166366565376361663738656564323030
63333235343738323032383161323439353465323536336330653935643138656636336333303463
63656139666331393837353132323938323365333532363665353762343338323663393831333030
62666664396236373636663830616339306466383139356264623538666334313961333566346565
35633238303664313331376238326435313366323031653361376130633831343364326465363131
36343261643635393134386564653834376363333835633934313665653237646332323733653537
36353336393030653737613738323433336163616132383638373039383137623835336263383761
39613839376662363634386534636435396334353561363030626437376138653836656538643665
37383565333464343731633730373236343930326532633761383830393732303834613533366133
63356366626263333661
