$ANSIBLE_VAULT;1.1;AES256
61376239356230633563366562353662373466633333343965346536616636343664373362643663
6461633662396638366631333135626666663963656234340a343833373437393263303235326630
32326633666533393136343633633333643833383166386263643633626166303266373433613436
6231643731613735640a383533643835376538326663376338396663633038666335333965626632
36633932653738613663333034333234633463383861626433653930326462636662663263653764
31626135366536396238306335626530376363626163366262333562353139363531633436343437
65666235306335323636633535343764636661643539316339663965393435616363333466663962
32336637323435343834373437663363323432333533623432633265356664396431663736653231
34323365616431666362633261323536613636353861626230663737303638643463623562313530
31383631653134323932646566636634616537663535626564646165323166663862333266393439
33386339336565393531396663343166393932626130303164376466616430396566316331333732
37613365373665363866666438323531613230623936323936396238633835373161353764303662
61373636643330376561313239353734363261353139306163313232306264656261303265313161
39353731626261663461393363633663333363366166316535616435303433333337303234306339
36653564313063306634636131323665396537643761636662363833343736646135303437343566
30636261316663356636373636613066336531316532653535346234373833663463643965663233
33393939313966646534323331633234626364663136623166386236656164313431633533366635
39633933326466383434336463383966393339306339636264323062313266633131323535656365
61313366343066656561336130643365336139333363393463623434396534633437616531306562
62393136303739363764
