$ANSIBLE_VAULT;1.1;AES256
65343439353238323261386334653238643664646434316434353961383163376434666237383961
6131386434643939363562343961316665396238346238360a356238383037636431656361383961
34623739396261623936666636623665316131353066663163633634643932663338306333336163
3838613739326162620a303431663766376566313761336163633136666336323565323630653238
66623166363965656661336434333433653233313235336532373861313531656137393166336665
65656464333336383232336366306461323339353331613632356136343464396666356162343733
32313065386233343835393966633661653438653430376131396563643063336461383237333733
63636538373034646266653861356465363534376265643438373339366262303138663834346633
62613934343366393736663238646335323664316330393362656235643933303932346263373037
35356638366435336135623938653438316639653939373035636362383736316366333062623631
32663865623465353265343263343937303031336137303532343437373134646331393132383566
36666538376336323561383532633664326535376238646164383335303666353734333231363032
33313830366130663235313966613831353235653934633036376435616464343363376164643164
35383530303062393839313137393263356366363139373365646136616237663730623836396533
65626236636236386434323338353833326533393136363934616630626135313466316231346538
66363464303462656366653830343430356265383766633534626462623035326336393663373436
32343466383739633037356330666639386335343934643132363735363461383735663637393431
62633431663664336661386232363239663162666162363638613530373433393564636137633764
34633631336239336437303432346532323362376365376535633263386163333864303866316332
33636434623036623566
