$ANSIBLE_VAULT;1.1;AES256
64663865623136633838663162313235623265666564313961343336643364343439633432383732
3865306562353132373563353839656166656532653966620a326331383234353931646639623361
61643037316535326535373636366631383463396162643237336465353262643334383962376365
3865396337636665350a633739623933396139333632303938393031336163363062616638316233
38666435353465336332303038636632366338623338656136343036363963373031663465666639
63366334666163373935383236303563343261653063343932343539333265643238393431353133
61393333626465313764613936653431386132363335643136363236333832316435356638316336
39633238626239336161336334393666333565353163656565336437316362663430396136353634
65646239303537666235373339336432383462383638626438373735366462653233663464623961
64306164633631363138356538323830616666616433656538373630633936643064376638333332
61383234383933346330316363666131313038343961643961653437633638626239383833393032
36336362373463393337333563656366656137663162393336353761346664373432386165346131
63306263386633653239646134373831396236636164356162383063663737326536313130613730
34643463336630663139623331383532613962336363303762653434393635343065306663343761
37303631626539396635313539643166306235386332643935303333346161316364616133663461
39326432323339653462
