$ANSIBLE_VAULT;1.1;AES256
33356162643334653831343933313238343036663733653035646465313335373238326135623161
6637303062663462393562656135326261336438326536660a356164386366303133646636623861
35643761323565636563306130643234343263626338653361346564333065383164396432363036
6331363934636234340a316235383861313764326431326365663137633164373633633865383830
36356531643438643234636261353861633863316130633863366231636432616435376665333565
34383131366234316465386161383430366263343362383563643637363434303832663637336536
33333335333966613530646234303539646163633432346336623937373565623031646634323262
36653533636263373237613933353630376435666238366664613937326163366365663131363930
36333063323330663734313762616536633937306161666262383864363238353535303163353866
33626136623264333563636631353534343033326131303532333133396537623266393131316436
64626238663938613665313136313238326435303561633635663761353838363561353966386262
32613662323332323032633438373638626235346539366538643237623238393430393531366136
37373866323839626232393463343935323536666335386165346632623639396262656533383834
37626664313166636339353330366239663437376363633838613339326332633633376663663562
32303836343531333033383765393230373633393933626361363634396165353735383865323339
62643664346431306538383661316237633234653132306462353765386664303034663936656630
32396537616535636164376462393031303665336134303539323064623930386566366261393439
39656561333731376466343834343131633661313835636330666535303861626639373033666137
31643637316363383965313337333634316566353531333762343434653566653662633962333338
31326339636263613131
