$ANSIBLE_VAULT;1.1;AES256
38316139393434613636343335643930313865313938303062383163376263633831396237393766
3061643034396536383335663263363765383631306662650a623261623637646165396462333462
62666230656332663462613536306433633431653131663735343964366132333762303630363135
3462396538646566310a336365336239613736636339666432376433363063663832616339396235
34336332386338346163373230376538343234633335613665663736656262633063643535656135
36613130656666636461663837356336346564313564636431386630666666623338626334613234
64373736396438303262616663303130333339613731336338636565373738373532363135656364
38626233633861373565663035663462613130356536383662396661366433613432623439646539
66623562623565373039613539303061313737663131346663376166656130646135303336373762
61356566613734373831643666383833653936333763356162313864323630383933313737633931
37613634333633643037393230636565653831376539356433363135326631623366643533346164
38303231333231366661356135646563636162656261396633336365633262353062383238633633
36616230643035316364326139313466613030336637623133366465363366383839343630333766
64303838306365656631663832353064363863326333393666323763616465643161396234333762
34306632373663326434383333326266383962306563616434656436353832613735316665666533
66366137633563366665
