$ANSIBLE_VAULT;1.1;AES256
66643465636530373230323331383962363966383037356262333830666631343938633763336130
6466363735343565613035333366643630333661623466350a336138373436333161343737373933
30393434376563306134373033316361623137326636383962363762626230303337373666316533
3236323064353834390a306339363261316136333633646239663130353238633365306134653834
31353632393030636535363865633234636134386136346531366139356566303635393834313638
38373662613166663263666334373030393162373430303839383065353134306363623764323933
39663536646162306538376163616464303363326166613136623932633963383130353638353439
33353432363430623165633736643734396233313666323866376637646130353430336164383437
30333363353530623931313838303238323632363263393064616334623337383235323265636264
37336465303762643433343534653538646236396337613137633864386439336330656533646665
39623562346163616462633830326665303030363733653534653036653135323732346535336233
62313136386230636235653065663733366561613663613464366633646536646133306537353062
36343838323365616665613630383139326130393866363536373038363134353562613835333161
38396238663236623832383131316639353866383739663763316439626539666639633332363433
39663264333432626536616361656462626535376365386430353061313834653463653436383561
65396163396138313063
