$ANSIBLE_VAULT;1.1;AES256
37333661363039383666383463653364353931336237623266396637626261343061396661383435
3738616531363164613438666538333936616133376438650a316232386632303238303134383631
36656234323534626632303034303561386438666439363465613466343663633832316165326131
3061633132353535320a333866643364643831383935326131386438323932663234323537626134
34333536643131333935383461643338373734636633373335623434306630373763396432363630
61623833316336376661323039373332346638643566663630363331626562376533623136613733
34343264373536383666363437323034643538323937333462666238396662373237316262306264
32633634663031636266323066343361333265363833626463393232653834353136333562666562
63333535373561656633323535343064343437616336646537393961306436626637643564613034
66366565353464623832363436373464333632316535373234393933323666636562316537316139
30343065393739323165383663393363373666396465393330393464316432326230313437383231
65373938373331643830643431663662616431383266373136663162653835323336343339393237
62366362356131383332386563356164373963663165393830666234613031643031623962616635
33646664613465376164383938663735663633303534666164373166313966663539393831356561
35323464346636393337656164653866623139613866666464343835373233373565343431373336
33393161616432616366653733653035643135336335383131616333326263393766353764373561
32373263373434303133376439383537613732333761326433333630666263653434383466333636
37353336653737356535646665643032393233633732366230343333326232363365393266373734
30336663313338353035623336393130663063633630653839666165363265336133336465303965
36303665326135646163656530623133633730366236333234666537623633316562356538383363
30323663303635623965333162613931386163366334313431333438333463373362313132653137
64383963366239636235306239306437663462616133663131353938376234646363383936623637
64303530313734326164633131356531613664613638643164616432616335613462656463323836
66383661313130393733343534623539353361346631306165353238353962666532643833366565
39303933666664643134633332343336356566363561643865353431333836376566386534663734
39646134313738373438633532366136316633653737663130646361643561346462326535656437
34626335336564663764633830356332333431346462613336346439383035343933343335653761
66626533633939663765623763623436343538336539326634323962303261303465326539393830
30356664383238346563633962396335663763313837626235343432386162646633386264616564
61656663346461333332333838613934663866393231613831353433323663323361383138373264
38616333343532343035316365666164653462393935663561313862356332636133396164336638
30626165626638643636666636366235333732393238643862383336626165386239653665323863
32323864343461353133666239326666386338666561366139393865386535363261
