$ANSIBLE_VAULT;1.1;AES256
38613665626231646230613131353163333233633936323665356130343061623465613834383535
3738656437353338343736343534633961346638333563640a316232333761393462623264363437
36366161633666636539376537626466366665613036376564323736343565616633326665346430
3465333937386562630a363563653466646235643564373939333561303563366532303437363062
31666230383865383561663362393565366461313962353961653030613937663564323933313565
33343166666530616631373764326438656162666563646266333565313037626665656239656233
35343735656338633864313066633039333062326631326132663735316533316661333134616238
62613561356365363066323138323437376566616563663663393035666436636363666533643838
33636162303633323234386232663062353561333435313465336666323230386537316136346437
39366165373838393864613465396631656330646539393139323636636666323639326235626564
36666462646535353435663737613330373630363639346166353761343035656235653266653532
31393862313532376232653136383239356437343865383366626135643462336537356634336162
61343764336331303633636465393863366364363436623437326332383134373037313631326439
61313634316237383237366237313038633438386630616331366230333632653034623331636331
36366337386537656435653432386535356461343739333766313936363338376363616565343931
35306465306362343133386463613138666165343232666664663763656537663838656636366331
65336266646636633338396538626433323065386430613430396431376639613762626230643862
64373661376338383263646139623831326637643139363233303038393138303639313264656664
30306266643261396165623235393331333963396337323266653334333239373637643962396631
66303537313063396263
