$ANSIBLE_VAULT;1.1;AES256
62623732343235653139656266316531663631366463326562383133396535393232356233353236
3561303035323138353263323430663735363731363863370a636438643138363430393835366563
61386535396539356564353262373465353536613563613935366464306233316461343033366236
3662393636336634360a653065623837623261373530343930353031616663306337303833323731
66643738643630313535666435663066653530623165343238346634313764666537393833643130
63666630333738666436666638343331636137316136383336613637383238346333373734613166
61666661393939303433353834323063343062636432383932653733356130616532653166383934
61343663343737393838646565613238623232653833353738626262646235336231663630303535
63396337393662366263633631373661623738333161386566323233333264633939663538356632
39653935306265336561383763613765313135326431653335336461666330636365633538363639
34326334636637306333313262303666313862383061646337666234386237373166646665633063
38653264653461376564623066343933323763373465626139343961613633383235663963366633
66643530636466363839383131633339613534386561303464613334656136323661663633616131
39396238633263383733393435326530323438383937626534386530613435333165386234346632
30643637646637383932363533333231633836336339313265653065666331613466323330623937
63663635623830313333656136626366376364666439393261356536633735316434313739366638
30366130326661323139646630623632316131643436633465353232373038343232303832333734
62303830386539643165343638323337633531333531633234303362333132353732643833303533
36313633353631383937633439616438306461613035326635643934386233343762363431386632
37363033373735323263393933336132623532373666383933333237623662343466356339336662
3039
