$ANSIBLE_VAULT;1.1;AES256
63316632356161383666653430346135303533353430616131653232613063353037336634306361
3362656434373663316564643930303033343933373465610a383830303365623566323539386266
62633436636662653062386430383964613037303465346230313163376362663436313738303265
3364613861383438300a633764633461383565643466353932656638376239373266343736303962
61323037343163336638303163633464626333303638303531663366326437623930383332663766
33363335366234653239316361623139343437306163366266343638393431663637616631393766
32663565653136626338383461396463636533383237393736356136326534326665373262383335
36363631373637343836616261353762393333656132643264613332623330313530653965303964
38393136336531373138356432633235323762303331656331303263616132643136663961626333
37303638353931333963636430313765323339366164393632393539653139666131336435633265
37313331353061306463303533393464343565666663323839336639326464393034646231383631
32666332303236356166666231383534373535323237623939663963343537386536393330366336
63373464326336356263386463636435323137356337306566396237613462363162353834333662
61363134396362346663396461326462396464646361653434343635386534373432393832623637
63336465663932333137663239393739393866613331656135303336373863386630633635386362
35353036333666396433
