$ANSIBLE_VAULT;1.1;AES256
39343639623336343166303437363165373138326463643833666437656538313530373137303561
3235653836646530356364356136313038623530303466620a633131653633613665623761643130
62386238326361326131623139646435623138666531343466613835323434363131373862616562
3566353333386438310a326432313432343234353735346635643061613763373239666632343636
30636439306662396138616538333764643231613738666231303734633563613139636231336134
30303266373134363933623239646438663733653032343464633034313636336361626265363039
37653361396630386563336637613064303539363539626530326237656430366531346531356564
66633231396334656537373566616462653531376134633130653162336465653663313366356234
63663563373839363535393464656138396238353162376335383966643162363031383866386631
64636331333462666461336331373961346632663537343936666638313638363563636235356463
37373664616239353861653661656139643732346165333531613230333437626432353832323034
36633064353938393639636436323539363464623061353262633866623238323234333238623632
38633132316634396164643561316264313234396465623438363861356262656335323264623962
38303239623830343830316235366333356333656636646532316464376464386632313732376636
37653439346666626537363466333062646535316335666132616365393936616639383361386230
65353433636632386432353239333434313438343031393830653763383566383831396163373163
37343061373861663835666464646235336633343836646137633636373664653033383763653630
34393437333262393663313538623130616633386364323934326165363035353863303033333663
31656439323239623835363037636432363162613166363364303031313237363564343033656362
38383238323165636166
