$ANSIBLE_VAULT;1.1;AES256
65643930393965326538303435643462396665616432353663623763376533633266306162303630
6631633566383035376636613739306461653838316535350a613133666339363138646264313630
32653431373634663730663231373263353330333832663362313338386663376564653766616632
3835363933333263310a363539303735626338616164666361386461653039613261663233613732
35343064383764393832396333363233303236373232363861303939613366636532653163363133
35303434663462623333373137626661643535376137663634636130653736383633323833323563
62306138636465376235393730303230343032376336643133666135303762316163303431313534
37393733313134353666326231363036333966346238373561396166336333626238663535643265
38336136393734376433393466376561656134366237303136666237306137323962373463623665
35626339396535393466313638333036386637653863393738653132653330383964663437316663
39363334303137623864323539646464633736633364363866643637393361633061343265396431
33353166636162616361323631643433666630643466643037646566303665663630376538326234
31393762323462326336383962363330616136633962646531363264333561306330663537613635
33313561313462353664393535383766316663326334386264333662386166316436326336326633
34386133356438376238613832346163633238353238383562306665363564396665336239333965
61373636313534613435
