$ANSIBLE_VAULT;1.1;AES256
39643565343139386233383732613134663265316133613632306138636535373137303662376436
3164353263623633666432653161383564386332616238340a626665356539396630653762316637
34393435623630313237366162353438643138613438376134636263323962623838366263613536
6638393263323563620a376234343237643832376330643163633162623734633632333837366238
33353433353231363634643133313833666337643664303338646565303563636132613431663862
64323636383531616537653865373933643939636366386639373363393463366465356433343565
37663466653539663865646634386564346537653131623635303039313365343438613739666330
31386633326465313838343064386230393132316663363566323936306564343863633737363566
33613636623966353363393838646537383635313066373065643633356561643965313962613335
30306266343933333064656438616463623636323431303130653239313937396165343836613336
32303338316662333661666635343432343734396331636262646638623930356264663265386431
63663736313964663831326439393761353934643862666630373834393439623938623463613439
37653334613531386539323261646562646436333365383437663436646164303461323639373838
61626435316434303637386632646366656534623961343162613865343532666265343565396231
31396363303064343438316634336633626463363030363136363834373766393138336464616337
66613339653966633934346362343839306335643861613431316239323633363938643965313430
61336136373765653762383139323162663933656331633438643935323366393037323439316439
37336538313766333861323837356130633331383833366134623863663238303132316531613662
38303538653239383430633033613066343561623766373262353164393238323765333866373333
38623539356239343762
