$ANSIBLE_VAULT;1.1;AES256
33343930353764363061313736366466393236626366323764353333376431613332363461646632
6133353664386665656639373434396634343933313232350a613366626636636537303632653033
33656661313866346166613861323465326130393266336166386263356233643664376165386337
3665366333363737390a613731336162303561323336636562313636336633343338363733326363
39373239356162613231303965336161646235616139373037336136613566323964636666616531
34356233316631386362646135373430613939336531393664373835363665346166613566613434
31626333616164623963376466623931336231346338336532386431353063616435383763313561
66373765303637383466346562643633353337613238616437373037306163373131616563376536
63353164666264633764623666343433376466303230376337306533356266336339656231303337
63383563303430663839376439333261303335386365643736643265333464336664393662393433
36363136383432346533663538376137383465323964303133303531373863343836626133343939
65363364353239323332366233323163366439653239656562646331313465643135393931353537
65613136333733616230396330356131303366643361653966323935656665393363366161656235
36323239336638663836383037313933343364336539613561653333326238316635383038633936
34316630353335623863323163343838393434303839383862653132363130373431356135656430
66363133313632393966
