$ANSIBLE_VAULT;1.1;AES256
63386565393762316563383432306361623435323664356233313461653161323965643437653863
6333363733313965613261303332623734633866356338310a323966636232613466633963366538
31333764353134663639633236383431626164613730346364613566643839383334366461666639
3331396261616137300a336463366637353664343438326663303435393638323736303436333338
64616438373631303634313837663333313038616436366466376137353137623531636462356439
62313335663033323130316531613938653131373331613034356534613135343434626562626133
31666462383832323165303633613062643064623030363963343232346637373764633663393931
36653763646133316336363861353461633035656532663430613965363130303066653238326233
34623032643838303035623737303334313361373666313030363036323232303362643264356239
66383065303063626331643338316439313662373263303162306431666333353164383662646136
62333636656164323838393261393432306564353239316633623433333233356465323831346466
66303466363362636564633539393764653736306232333438633532636462366161653265383538
30373861323664643934346530373931396238336339613266616361393532346664353263326330
31353364663437303161313261663064373164663965373338353733656665386562643037633338
62353561376664376463363262643862663762306332626561323964336134343763653966303934
36396361376235356537
