$ANSIBLE_VAULT;1.1;AES256
31343531633437373332646538313431346462626434326238383138663965323030373666363330
6362316538313236613334383030653463326435303264350a316432616563373731326664323764
33653330313435336161323238663862383831393839613931626138613137613038363966646633
6563316438356364350a633866636336343333373239376139616266633134326265633434386561
32353763666165316265343063343534363431623438343736616337393431306439366137663864
39316563393331366137643763303162376664343030316464386338323731343439396565623861
37376331623061363634646166386235656434646634643965393530383233353563623165333063
34663332303565626364313766316136363734646263386635306335653363633964393331633438
63333033386535616434363030356233633566393837306464616630616230383263376534616164
35333166376338356136336436306532313365386533306339313932643633333038323231366364
32663130363630343137623334623338633166313035633133346132336361623465323232393131
39343736313262306463346661653533393439313839666437633561376136626538656630326665
33636438633132643063383933376335643663613331656330636138623535386636666537363735
61653531646464653661323966326562663138386138363261636362303132643464333637353838
65653166303736383434363362633533633366316462356633353037326430363061313965393031
61303939306438336434353035356163346165383163316463623563626566663264336166653738
65666136653266663765636139333564366534353832313934386333653638373939633638353836
36353332323064383866326334333065336261313931326331663766376164656535323062376163
64333830393732303365373765396664326632383030383761346162303039616262373766653038
32343464653366643231
