$ANSIBLE_VAULT;1.1;AES256
63666639373561653534303330663836383166396438663135313335353834333465303233363931
6637326439316430383165653165653532616536656464340a323437636230343162336266623836
31613539376363313032666334303537323136343933623438353663333432326134633732353362
6364316332323034620a646264386165646562636565386266376537363465356537656137626131
33343834373030313466313431623863396434653165616439643234386361653863376666633632
33643930383431653365663464383938346439373561636437323461313034393730353239373865
61356133363633343564616331646335323862653430393466396639393433373165323039376338
34363864653964303865386336653038333033636231613634303165303538636266633234373666
61613836323731303334646530653637336431306631623037653562393962313737326565323538
33653932373434333436326238613962363034633831386462633331393133333534353139306631
61343133613038663161643630336539343364343732376266663863336361613866653232356537
38643936386130396237376665663234326265363438323239366534666264663138623739663235
35363635346332653036386233613238323066313235636133643531643461383037393034356666
63393437303231326566623838633865636432313037643733353762303937336365323337383366
65323061316330616238323865613364636637633065656536653361366665633930393738616561
30363036326232336465
