$ANSIBLE_VAULT;1.1;AES256
39376363343264633562336132626539663438333365656561346136316562633863303630653631
3163616336623562646162663066666637386132646535390a326466643933653463316636326637
38366335333236326262376163383663633536626439306366663636653630363861363563336635
3162663732616336650a393531306334383832623765653565333634346236343632343730353264
33633863356432373830376566373363343032616335333364373532663832653331376137623934
62366534383731363734393134363861343731643063356362393237363562313664373063363031
36393566383431636132376566303032326132333235623134313937393861613830656537356666
31643632323533643138373833623734653132653832643137376463636137346531346431653236
37323839633539313739306535373937343031333232613637326539333766643136653836656461
30316334623331663662316461343638383463346461333434316331363364363862356336643231
61356666633862663732383663333932373262653535666330616638666636343839306635356137
33343664396638346339623136623861316163353437386430316664306366396532633061333463
38333562366237646530323839353765373161323463626132616535663665376534383665323166
34313530343363303065313065663436396266336262653837316439376566623234386239626330
35633130636237646564346563366135643562326237366536626264383732623765373234633766
66366566343333646661653661643066333861343034393332633733336338323838333934616666
32616336636533366534346236333437636261333230313439383762396561313433663736333730
33326266393437613939316437656336333334343039623561636430663966613663336137313432
32353331323364353765656463343664623533633037383962313432353631613938333834313537
30386138313264373331363039303466336431386131393834633931386663326162366161363731
3033
