$ANSIBLE_VAULT;1.1;AES256
36386536653666366266303736396562363438373130643333616461303038626334363131376162
3834353337343134643839626433326531363436343766360a653264313638663061613962626231
34663736366562363336306534616236633733326533326533393561356631343866386366313864
3731623862313132620a393535343537383333613236623437353864363261343833616462666638
33323535633732323563643231613564666539383735383564626134396466316165313033323365
63616431643538366238306262343935633061336639373233613239393166386534346464383539
34383936363065373139663738653234326165396362663164643133643461643438383137316133
31343963663862323834336263363137646131333936303135333965623666313635323235326466
34376234323566363662363539666165323465333866393166663064383564336162643962633330
30623635626334656564666664323532383330663037313362626266353933336534376564346662
63383363653864353436373538333761373032643830383331353434373338306531353630353636
30656662643335623963376631366130303231336439306634373966333166643162386262323130
31616465616334636636633637646665333035393263303335383331303738366361323665326230
33613839333139653966333232353264343238356139356466616162396231373566613563633334
34313166366138383930376537376238336162353831613333306162636534623565663539336533
30623338363834303936653566363163303530653335313631343530363365343666366430306332
30666664373136666163353435323137636531633463363337306462646331666262653437656661
35393462376130333463353539313433383362333831393337623937363333613562336431393531
63393131316364613336613535373366323763396638633066666337373439613137623466326466
64313831653932353636636136333238376537616163396564353432616632656636636237353739
3236
