$ANSIBLE_VAULT;1.1;AES256
30303431366464663736663337396533633832366637616539343933656563653037356231313962
6230326131646430633761393137666133343633643163300a373333396535613734333931313162
37646566343934616565393836353830653531363566663632346239653561333730643831386236
3934393932353337370a363432643463636533613465373863333534626230663138306463383063
34393232653134353137663134623733613766373263323565383161316435636233653833396636
62653538393564373963626564666265343737623930616431366637333437613961333563356437
65326133643337336331626561336235356632336231636231323230663537306635306237663637
61623862646566353236366333376265363061376438333264316366353930353832636666633462
36303966643234363437633362333539353538643533303565356165383764306133653536613833
33326139616661336438393062616630623365316335303363643637343939613633613239306339
62326232336435626634363039633561313131643232303936373130643933326163393633663832
62313336383834346262346531333231643436653336643233613766633337366164613130306536
65666336373634636432633736383664633538333061646134373935666634346265653136623662
64663838323335383664376533626564303065383832623065393865646636623939306133633866
63386365646237326338636466623634326366393136323939333931633764393064383530343364
32643739383835323363
