$ANSIBLE_VAULT;1.1;AES256
34323734393333356434653834396630323736343964623363313137666537383664633862333432
3238396337636562333332653237323364323862396631620a393435653064353337366363633064
33323937333733356366616634633936393339623763636135613339303666316137613339373762
3432393030613962650a653561663839343633643130373563386666376164633231336232326230
31373365643037653631656139363735363131333739303636373830343063343335306132393562
66353132363461363965356231656666373534643034643039303162613662373632623432656137
31653735636435393432656538636331613162366233393730333762333365383635623764383636
32646566326238633865376637393561393133316535326131353165643234623761323033373166
36363664373737313338663930356436643639373934633761383836353339366463326666633338
61346630623632303933653338623936666535366461633030386339633766653761663361643531
62633036346534373635386338653865323162663162316132323130616330383431653238353330
61623361383631303931613865333236326132356235663966633830313036336365306238636163
37363464616232663430373835313939616532366565646232363964313065353930633633643134
61343163306237386633396366643633356339323434346363336135613365396330663937333564
65613230316538633139303364303337313232323332336361323338363936343965666162393261
30643963363738636361363734343339313531323763633331616464386566376333633638636131
65653936356233396365656135653539663330303364356164643630633666636534633766356662
32626265316236646135373438303764656661303862633637313663326334386565646466663863
61386561366131656631323839626532376237633262613462613634306636333237323766303637
36633661373135623538
