$ANSIBLE_VAULT;1.1;AES256
61316439653935623935663262656365376638336439663164326439343437326332333538323562
3366366634383266303035666364663533373766376133370a623738663937363837336334663533
30353537363330386361393963313537376565663239386532646637303236303633376166373162
3835636235343666360a393139313163333536356362393630663230353537373064616662356130
64353434363931363339666161633065666465616664633864356237323338373931323634396130
62663266653536306163323738323436666234613664646265613865613834626138653262333362
34666236313065326535303635633037366162366136393464333631333663336634323237366535
32396436306330613639623763663238383933643635393436613437333737343534303663303532
35653765633462343439323438633438343763643632373034313464623464343063326663336430
34386163363635313336333564393537366666313637653731663830373462626632386266636166
33613763623735303033633963383030303736366635383561643132633662623661663135396635
32353539613865323664383763366461303765353162313464383339613530323562373230646538
32316333353762303362363339626462366331643539396238663037333638613765333332303562
63353938353961303235383066633061643637633564643132343464323464356565353737386261
62626234343730653435336631333731303631643838303061373633623237653632396163366265
66626232653637623735
