$ANSIBLE_VAULT;1.1;AES256
35386663336131613261336532396432376364613332366631383063653063366434373530626330
6631323835396632336563343633616366303138646532350a306562656464316666373837356261
62643232666233636637373366383235643432666663613631393734353264363238626362656465
3161323363373632370a666438383061623235613565663462636665663262393036313633393635
33366236353064343637303930396665653739656431386562333134346539393962666634336230
62313232323134373339346566383861663636663561633933666463666630353633383761336263
39353733663066353434663964666433333131626235336666333937663966343863656336356665
31373035393133616336336536326561663934353237646138316533383764366437616663313966
37646233333936643665633432343939383865393834333064353133313238646539656135306336
31633533333637343134333134383235343162626663383635373164636437326639323966643936
30363165326461366163656462613566333631363266333839356162373864616433316633353864
65373730656461356438653161633039366436633866396362356139363934313833353539303933
65663032323463313365353537636139306630643937386232623463366566333431323962316261
39663338323766373265663634306434626538303164626361646236623530393633356364656664
66613630343337316334386661373561613764633864316362666564383566303961623566353162
39346537343138396262
