$ANSIBLE_VAULT;1.1;AES256
32393230373735316638643262356166313032333164643262623037613332363461626137653764
6165663064356432336236623037303561303439343363630a353531663466643937316337643532
31616561633433373366323362303263366362383338333831393334633433383138633036313765
3233303463666666310a353963663130376335343238653932613837653133653834333361393466
66376334636631326462353562633664336533353064333736613763313737313265666365616235
32383435633530653561313564656464663539663933636238643335663734663166366162663664
61323863353636613664336132386163316261396331363766306438643363356632336564316330
62343564343362373233643139386561653531323838353565323639653165663432316537626530
33316638353235613739653538303135396138333036646137663337316336363936613437346264
61333963363362626331653935343766646335646561656533653135626330656233363630303033
32336164623632623661306636633634303736643265303231353336663637613964303739303835
30326662653130653133333735356166376265653533336562616537393963386437363434653036
31356635316331613637326463306433333539353739323632663631383338336532656666323837
38643361663734363031353534333663393566653565323833366239366564613539356237346530
66613832643035373562333533643261373738633734363038303564343561653933323437666263
35323237653661666639366338396232313163323966643964643034343863666434316231383261
36323131366438383334313535313932633735666435653266393132636439626234623232646361
36616564306634323065666261316564333639376564353164353836663635333532643563393231
37626635373665363736363633303436616165333639326165333633333466363133653930323766
39373133393661633437
