$ANSIBLE_VAULT;1.1;AES256
35333736643738396138373565333062366234323831323539623761346366393039623366633666
3932306536623635623538353236303637373535643339380a663439306336313834363539626666
33316565653834326132303731376532343932336161656364313330313139376630343532616531
3531656334343666340a346461346262383037633565626439396665623961343162636437326539
61643131373065643663393034383432306632373233356662626431633731653537376434306235
32343462383762373230383861316439643238663466623039306139313537626133326463366136
38333435396261333131376538373866663436383164363937383137383432643133386666323737
37366335396133373735663163303930396535326433643364363434613665336534316166383535
31353063306161333964326265376165353832316237323831363932303330623636616536383537
31306539643561316664326361376239633134663066343666306661396539383737653034663034
62316164623935356362363834613963656130383932303534396530636636386561373938363435
32656333666166383962323664656566633538656138623231636138316330666533396661666162
34386338323333626363653464336635383632303862663839353162333964313533626436313965
64616666303831656437316564363530353939613834626338353336353638373339666466356336
66626237363031383862326262313335363539346561306636303238303963303432393331356263
64313238363538363931
