$ANSIBLE_VAULT;1.1;AES256
64303433336330353934333665643637333335383265623666393332656666316138306661613135
3539316165303564313866613332363166303466323733380a326535653535333531323962363837
62303436366664646636656562633230383166316433316161316164313363626366356538353666
6638653234376534370a333534613766313630646162343534383364643635623336396566616463
32663335666238633464323339646262613839396332353165373035376332616531663564663336
39383539633731366261316132633062633332633635633637373166333764636665353135373362
63373137313965323933303335643438343461373164636231653862396561316239333038383363
63343135646663383863656161353132356534363531373461616264613163623430353835636535
64666234366362326332633937313566376330323764343063643861643032373230626634376533
31343634343164343631313930616661356434363366353464303532666230613765386237343438
32363563656237356334613431633434313066313636376132333339353235373139653335323239
34323136366635396563633332653336666665353332356431323433306139633265383762623439
35323135656531353737383537393136633238623537336335663866363262333038663431363032
33313461316564386663646534373662396431393839376135646535356662373632666435363830
62666435613961393736386365646166633462633733323035623634323263386438313737316532
62613264643432333432643136346431396266636337316261653838366362366335616365343934
34633662663537356331373134363264613962316663636563303934386531636565393463313137
34373636323163646562623261626136333534353461663133636230323733373536663565623061
39386139366332346331646636373038343238356334366637323632323461346638333430313365
36643835336565656233
