$ANSIBLE_VAULT;1.1;AES256
36306365333962643536666163616634333834316439353537666662396238356235613939363135
6436633438613366626361303463393836616132626434390a363861393736313430356165353737
62313466343764633163363864323932316263626165363335623161376464626536656138313966
6433626662633663640a353063653261373038393434333339363534663036386566306163383038
39636336313138383336326337646232353737373834383065333734623361363137366262373736
66326530333133656334666465373738336339313061383863326466663530386334656137343638
30323162383632373064313962303434306138616230333164323139336238626664626537326461
62376130383866636166376266613335373231343739336364376134303761633336396139353262
31613366356566316433313430366439646235386161363666376661396362393630623234316564
36326431616434393731623064303331313539346666643561663930636664623262313165356332
63353164663530316465666364376336306232336365646566323638656637376331613731396439
65333565353438363865616539333034333738376334623761373331346534386262396639363364
39303365643331306331613339633839623862386166373731656262353030306264393232346366
33656662386564346337613730306363633732313036373332396632393230373233663231303663
61386333353863663563653464383237653533626435383136336137616135643139646536633734
35666235316266303835653832653635653433303232353064656364666133636630376539653461
37346466636665626463396635653334393566356235393530333134656631313236366264346662
30323132633237353936373363366364653539653562653561306430336362353537373536303532
65616363336539646433633334666266666237313066393631323766323465366636386530643635
61336662386363346266653832303937353830396534313730343631336130616336646235666137
3832
