$ANSIBLE_VAULT;1.1;AES256
32646439333562383564643938653665333365613437323538343435303566363631656331333066
3461386364376436303237323635353465306639366431380a386635373063366132333934316466
66636464636633613665343931326537333238623337366361323964623166346336316330626463
3162663330633663370a616465363165386630396634633838343064613638336132653836306161
39616232393961353562656439303837373731393931396164303533633531393664653531363932
35316638653034636634383633356139333239386435656361316536613964393136313433353865
34666462353266666535373931633064326132313366386262636637343061326563323566343937
35333230616330616337353463376435303961313931303734303138316332356635643137633239
61643531336463376635373132363633313964353165663230353430363062363432363138346335
38646561376165316331336166353666623533393839396165643532313933346334633237376630
39343234353436303031633037636464323731303761616365323736323736643534333834623564
61323235376631396463343030336331663237356532306435616630643265353833313039323035
64643262613861386164346464346562656666326330343036353631383235313031383236336334
66646138636365326434383736376664303334373163363332323636366532386162323631353633
30393965653136656633383564393664633932666234346463396562653062643239326437616561
61323036396631336435
