$ANSIBLE_VAULT;1.1;AES256
38623839383561393639366364623338373363656335633732616432623638373733613430393134
6366326138393230623038376430343533393039616264610a616166333339303232376536323361
64396463656634336534313035393034316163613632303334353939393666316338653530616635
3235623835343831640a333865363661666565356132396132313331626331656437643136616337
34393033393034343131376465346539333665643738396564353930333334306266383463373530
63623531363763393062623962336138653034633863323264386462633634656335313531626564
38386232383734393863313631646638383866313331313164306538663531373962626537386139
64646633393564373532313538363437616536313936616533666638306461623763366164663831
65643961373564396237663231656436396465633936353037313837633435343031346537663330
34396437396539326562633235343335386439636133623562623939626436613830363062393030
33393338313661356261653165656431313834623931333436356264393331343434626531366562
36613230313265373631313936666436343938633834656637633034626131343538366330313237
39633035623161653139316538356262343438336266383033616361633739326632346335623232
32373663653330326337303362376563343932303736653538626236353437326539303132303534
61313665613865613637363734363032313037633063613537633930616465313330323438623136
35383066313366613632
